nameGiven,starting_age,ending_age,career_length
Nicholas,22,157,135
James Henry,22,154,132
Walter Arlington,20,149,129
James Thomas,21,149,128
Hugh Ambrose,22,149,127
Dennis Joseph,21,146,125
William J.,22,146,124
John Bernard,21,145,124
Roderick John,21,145,124
John Joseph,21,144,123
Clark Calvin,22,145,123
Harry H.,22,144,122
Fred Clifford,22,143,121
Henry Clement,22,143,121
Samuel Luther,25,146,121
Denton True,23,144,121
John Peter,23,143,120
Lafayette Napoleon,21,141,120
William Frederick,21,141,120
William Edward,22,142,120
Thomas William,21,141,120
Napoleon,22,142,120
Frederick Lovett,25,144,119
Fielder Allison,25,144,119
Thomas Peter,18,137,119
George Stacey,20,139,119
James Joseph,20,139,119
Jacob Peter,21,140,119
Charles Louis,24,143,119
Frank S.,22,141,119
Joseph,23,142,119
James P.,22,140,118
James Robert,25,143,118
Roger Philip,18,136,118
Samuel Earl,19,137,118
Hugh,22,140,118
William Henry,20,138,118
William Frederick,21,139,118
Francis Isaiah,21,139,118
Charles Andrew,22,139,117
Joseph James,20,137,117
Patrick Joseph,25,142,117
Thomas William,21,138,117
Albert Joseph,19,136,117
Robert Lincoln,25,142,117
Joseph J.,20,137,117
James Bentley,24,141,117
William Joseph,24,141,117
Jesse Niles,20,137,117
Frederick,23,140,117
Samuel James Tilden,19,135,116
George Edward Martin,21,137,116
Wilbert,22,138,116
Charles Augustus,21,137,116
John J.,20,136,116
Charles Carbitt,22,138,116
Frank Leroy,22,138,116
John Joseph,20,136,116
Louis,24,140,116
William Joseph,21,137,116
Malachi Jeddidah,21,137,116
Norman Arthur,23,139,116
John Frank,20,136,116
William Wilson,21,136,115
William Franklin,21,136,115
Jesse Cail,22,137,115
Montford Montgomery,23,138,115
Edward James,21,136,115
Michael Joseph,21,136,115
John Joseph,23,138,115
Herman C.,23,138,115
John Joseph,18,133,115
Edward William,19,134,115
William Frederick,21,136,115
Elmer Ellsworth,18,133,115
August,21,135,114
Harry Sterling,25,139,114
John Arthur,24,138,114
Albert Lewis,23,137,114
Elmer Ellsworth,22,136,114
Frank Eugene,27,141,114
John Joseph,21,135,114
Alexander M.,20,134,114
Michael Joseph,22,136,114
William Ellsworth,26,140,114
Tully Frederick,24,137,113
William Robert,22,135,113
Charles Carrolton,23,136,113
Edward James,20,133,113
William Edward,23,136,113
Francis L.,20,133,113
Clarence Lemuel,21,134,113
William Frederick,21,134,113
Joshua Baldwin,19,132,113
James Joseph,25,138,113
William Corcoran,22,135,113
John Reed,21,134,113
George Edward,21,134,113
John Joseph,23,136,113
Thomas Frank,23,136,113
Harry M.,21,134,113
Oliver Wendell,23,136,113
Roy Allen,25,137,112
Samuel Nicklin,20,132,112
Joseph Bernard,16,128,112
Albert Karl,22,134,112
Amos Wilson,18,130,112
Victor Gazaway,22,134,112
Dennis Lawrence,25,137,112
Samuel,27,139,112
Charles Louis,27,139,112
Oliver Daniel,26,138,112
Claude Cassius,24,136,112
Alfred Joseph,24,136,112
William Jones,25,137,112
Duff Gordon,20,132,112
Frank Henry,25,137,112
Walter Scott,22,134,112
Patrick Joseph,23,135,112
Elmer Harrison,22,134,112
Michael William,25,137,112
Harry Taylor,22,134,112
Charles Judson,23,135,112
George Joseph,23,135,112
William Park,25,136,111
Charles Taylor,21,132,111
Rudolph Edward,22,133,111
William Frank,23,134,111
Clarence Howeth,23,134,111
Timothy Cornelius,21,132,111
William Henry,22,133,111
Patrick Henry,23,134,111
Morgan Edward,23,134,111
John Joseph,19,130,111
Michael Riley,28,139,111
John,24,135,111
Freeman Osee,22,133,111
Frederick M.,24,135,111
Frank Harry,24,135,111
James Thomas,23,133,110
Joseph Francis,23,133,110
Samuel Blair,24,134,110
John Auchanbolt,21,131,110
Patrick F.,23,133,110
Patrick Henry,23,133,110
Thomas Jefferson,22,132,110
Eugene Napoleon,21,131,110
Joseph Francis,21,131,110
John Dwight,25,135,110
Wilfred,19,129,110
Robert Gilman,23,133,110
Theodore P.,22,132,110
James William,26,136,110
R Emmet,22,132,110
John Henry,24,134,110
C. Frank,26,135,109
Lorenzo Edward,21,130,109
Emerson Pink,20,129,109
Marion Edward,24,133,109
Charles Edwin,24,133,109
James Ulysses,22,131,109
Frank Bissell,21,130,109
Frank R.,29,138,109
Herbert Theodore,21,130,109
Frank J.,25,134,109
James Erigena,24,133,109
John C.,21,130,109
James Patrick,28,137,109
Joseph Aloysius,20,129,109
William Paul,21,130,109
George Joseph,23,132,109
John J.,21,130,109
William James,24,133,109
Samuel Morrison,26,135,109
Richard Joseph,26,135,109
William Joseph,21,130,109
Joseph Jerome,28,137,109
George Jouett,24,133,109
William Lucas,22,131,109
John S.,22,131,109
David William Tilden,28,137,109
Ralph Orlando,29,138,109
Charles Sylvester,24,133,109
James Franklin,26,135,109
John William,23,132,109
John William,25,134,109
Judson Grant,24,132,108
George Barclay,20,128,108
Thomas Livingston,21,129,108
Harley Park,21,129,108
William Joseph,23,131,108
William Joseph,23,131,108
William Bingham,24,132,108
Edward Richard,22,130,108
George C.,25,133,108
William Henry,28,136,108
Frederick William Alexander,23,131,108
Thomas Joseph,28,136,108
Frank Elmer,23,131,108
Frederick Orrin,29,137,108
Philip Louis,20,128,108
Virgil Lee,22,130,108
John Emil,25,133,108
Chauncey Burr,21,129,108
James Andrew,22,129,107
David Lewis,23,130,107
Charles William,21,128,107
Frank George,20,127,107
Edward,22,129,107
William Hoffman,25,132,107
James Timothy,24,131,107
Charles Dana,20,127,107
Edward Perks,25,132,107
John Joseph,25,132,107
Hermas Walter,26,133,107
Lewis William,22,129,107
John Gerhard,25,132,107
Robert Lynn,33,140,107
George J.,23,129,106
Thomas Robert,21,127,106
George Henry,26,132,106
James McCutchen,21,127,106
Thomas Llewellyn,25,131,106
Frederick Augustus,25,131,106
Arthur William,23,129,106
William Leopold,25,131,106
George C.,26,132,106
John Robert,23,129,106
Richard Joseph,25,131,106
Robert Roy,23,129,106
William Lee,27,133,106
Thomas Vincent,26,131,105
Dale Dudley,24,129,105
Silas Clarke,19,124,105
William,24,129,105
James Tilford,21,126,105
Joseph,23,128,105
Frank Edward,26,131,105
Jeremiah Henry,21,126,105
Edward James,21,126,105
Arthur Francis,27,132,105
Wiley Harold,24,129,105
Algernon Griggs,27,132,105
Francis E.,24,129,105
William J.,22,127,105
George Henry,23,128,105
Edward Morgan,24,129,105
Walter Merrill,24,129,105
Howard Paul,21,126,105
James Albert,22,126,104
William Gideon,21,125,104
John Joseph,26,130,104
Roger,26,130,104
Henry James Peter,21,125,104
Peter James,24,128,104
William Martin,25,129,104
John,26,130,104
Clifford Wesley,21,125,104
James Jay,24,128,104
William Henry,25,129,104
Thomas Timothy,22,126,104
Clarence Francis,20,123,103
Frank Anthony,27,130,103
Robert Russell,27,130,103
Albert Edward,24,127,103
Albert Thomas,19,122,103
Richard Henry,26,129,103
Ervin F.,21,124,103
Thomas J.,24,127,103
Joseph Francis,22,125,103
Morris James,24,127,103
Oscar William,26,129,103
Walter Sidney,23,125,102
Robert Henry,23,125,102
Henry T.,24,126,102
Frederick L.,24,126,102
Charles Augustus,25,126,101
Pearce Nuget,32,133,101
Harvey Francis,23,124,101
Charles Wallace,24,125,101
Charles Timothy,129,159,30
Charles Evard,122,149,27
Lynn Nolan,19,46,27
John Joseph,121,148,27
Thomas Edward,20,46,26
Adrian Constantine,19,45,26
Jamie,24,50,26
Julio Cesar,24,49,25
Carlton Ernest,22,46,24
James Lee,21,45,24
Charles Oliver,22,46,24
Rickey Nelson Henley,21,45,24
Edward Trowbridge,119,143,24
Michael Thomas,19,43,24
Jesse Russell,22,46,24
John Picus,126,150,24
Timothy,20,43,23
Philip Henry,25,48,23
Theodore Amar,123,146,23
Walter James Vincent,121,144,23
Charles Herbert,119,142,23
Peter Edward,22,45,23
Paul Frederick,120,143,23
Omar Enrique,22,45,23
Tyrus Raymond,119,142,23
William Roger,22,45,23
John Walter,120,143,23
Steven Norman,21,44,23
John Rikard,20,43,23
Dennis Lee,21,44,23
Grover Allen,123,146,23
Richard Michael,21,43,22
Rogers,119,141,22
Henry Louis,20,42,22
Charles Albert,119,141,22
Guy Terrell,122,144,22
Rik Aalbert,19,41,22
Carl Michael,22,44,22
David Mark,22,44,22
Donald Howard,21,43,22
Daniel Joseph,19,41,22
Gregory Alan,20,42,22
Willie Howard,20,42,22
Jose Dennis,22,44,22
Herbert Jefferis,118,140,22
Atanasio,22,44,22
Brooks Calbert,18,40,22
Eppa,121,142,21
Jerry,20,41,21
Gaylord Jackson,24,45,21
Melvin Thomas,117,138,21
Joseph Franklin,23,44,21
Graig,23,44,21
Adolfo Domingo de Guzman,124,145,21
Joe Leonard,20,41,21
Clarence Elmer,120,141,21
James Timothy,18,39,21
Willie Lee,21,42,21
Tristram E.,119,140,21
John Andrew,21,42,21
James Luther,120,141,21
Gary Antonian,20,41,21
George Herman,119,140,21
James Howard,21,42,21
Barry Lamar,22,43,21
William Joseph,20,41,21
Walter William,120,141,21
Harold Douglas,21,42,21
James Joseph,122,143,21
Albert William,19,40,21
Samuel Pond,122,143,21
Randall David,25,46,21
Harmon Clayton,18,39,21
Thomas,21,42,21
George Kenneth,20,41,21
Thomas Michael,21,42,21
John Anthony,24,45,21
James Emory,118,138,20
Ronald Ray,20,40,20
Darrell Wayne,22,42,20
Charles John,118,138,20
Miguel Angel,122,142,20
Henry Morgan,121,141,20
Walter Perry,120,140,20
Waite Charles,119,139,20
Reginald Martinez,21,41,20
Frederick Wayne,23,43,20
Leo Ernest,120,140,20
Andre Nolan,22,42,20
Daniel Wayne,23,43,20
Frederick Behlmer,122,142,20
Earl Welton,123,143,20
Miguel Jerez,21,41,20
Charles Benjamin,124,144,20
James Philip,130,150,20
George Howard,20,40,20
Charles Arthur,124,144,20
David Lee,24,44,20
James Hoyt,30,50,20
Ruben Angel,21,41,20
Aloysius Harry,122,142,20
Ted Lyle,19,39,20
Wilver Dornel,22,42,20
Frank Daryl,20,40,20
Lyndall Dale,20,40,20
Jose Ramon Nova,21,41,20
Paul Leo,22,42,20
Terence John,23,43,20
Manuel Rafael,24,44,20
Eddie Clarence,21,41,20
Darren Christopher,23,43,20
Robert Arthur,119,139,20
Arthur Lee,22,42,20
Calvin Edwin,21,41,20
Frank,21,41,20
Ivan,20,40,20
Louis Victor,21,41,20
Alexander Emmanuel,19,38,19
Edgar Charles,125,144,19
Rickey Eugene,23,42,19
James Francis,119,138,19
James Alvin,20,39,19
Rafael,22,41,19
Ralph Foster,119,138,19
Kent Franklin,21,40,19
Carl Frederick Rudolf,119,138,19
Harold Abraham,23,42,19
George Florian,121,140,19
Frank Edwin,21,40,19
Alfonso Ramon,120,139,19
Clyde Leroy,125,144,19
David Andrew,22,41,19
Matthew Wade,24,43,19
Oscar Harland,123,142,19
Rudy Caballero,21,40,19
George Thomas,23,42,19
Curtis Montague,22,41,19
Benito,21,40,19
Kenneth Scott,25,44,19
Herold Dominic,119,138,19
Ralph Lee,121,140,19
Robin R.,19,38,19
James Laurie,24,43,19
Timothy Stephen,26,45,19
Paul Glee,123,142,19
Alan Stuart,19,38,19
James Kevin,21,40,19
Russell Aubrey,124,143,19
Craig Alan,23,42,19
Larry Eugene,22,41,19
Grover Cleveland,124,143,19
Santos,22,41,19
Richard William,120,139,19
Joseph V.,18,37,19
Dagoberto,22,41,19
Max George,120,139,19
Roger Maxwell,124,143,19
William Henry,20,39,19
Joseph Edward,120,139,19
Brian Jay,23,42,19
Paul Aloysius,17,36,19
Ralston Burdett,121,140,19
Raymond Hall,122,141,19
Floyd Caves,123,142,19
Derek Sanderson,21,40,19
Silas Kenneth,122,141,19
John William,21,40,19
Larry Wayne,21,40,19
Joseph Ignatius,121,140,19
Ralph,122,141,19
Jason Gilbert,24,43,19
Charles Leo,122,141,19
LaTroy,23,42,19
Melvin Leroy,119,138,19
Jesse Joseph,125,144,19
Richard Wallace,22,41,19
Anthony Keith,22,41,19
Dwight Michael,21,40,19
Urban Clarence,126,145,19
Gary Joseph,23,42,19
Andres Jose,24,43,19
Henry Eugene,22,41,19
Charles Leonard,121,139,18
Steven Patrick,21,39,18
Frank Francis,122,140,18
Octavio Antonio,21,39,18
Richard Benjamin,124,142,18
Fred Landis,124,142,18
Steven Allen,24,42,18
Gerald Wayne,21,39,18
John Joseph,18,36,18
Luis Emilio,23,41,18
Burleigh Arland,123,141,18
George Kenneth,23,41,18
Jerome Martin,25,43,18
Ronald Lee,20,38,18
Barry Louis,22,40,18
Douglas Reid,25,43,18
Sylvester W.,122,140,18
Ferguson Arthur,23,41,18
Michael Ray,22,40,18
Raul Javier,24,42,18
George Willis,120,138,18
Arthur L.,123,141,18
Harry Edwin,120,138,18
William Malcolm,121,139,18
Jose,23,41,18
Miguel Angel,22,40,18
Charles Theodore,21,39,18
David Ismael,22,40,18
Samuel Richard,121,139,18
Rodney Cline,22,40,18
Gary Edmund,20,38,18
John Robert,22,40,18
Don Edward,21,39,18
Johnnie B.,19,37,18
Ernest,22,40,18
Moises Rojas,24,42,18
Doyle Lafayette,21,39,18
Bob Kelly,22,40,18
Peter William,123,141,18
Robert Raymond,25,43,18
Raymond Bloom,120,138,18
Louis Clark,22,40,18
Luis Clemente,24,42,18
Terrance Lamont,120,138,18
Lloyd James,121,139,18
Fred,121,139,18
Louis Rodman,20,38,18
Zachariah Davis,121,139,18
Robert Jose,20,38,18
John David,22,40,18
Jonathan Thompson Walton,122,140,18
Willie James,21,39,18
Ivey Brown,121,139,18
Irvin Key,129,147,18
Fred,125,143,18
Jamey Alan,22,40,18
Richard Charles,19,37,18
Edd J.,120,138,18
Charles Henry,124,142,18
Scott Douglas,22,40,18
Walter Henry,124,142,18
John Richard,18,36,18
Harry,119,137,18
Russell Paul,24,42,18
Samuel Peralta,21,39,18
Chris Edward,21,39,18
William Michael,22,40,18
Osborne Earl,24,42,18
Charles N.,19,37,18
William James,23,41,18
Richard Lee,20,38,18
Frank Edward,22,40,18
Antonio Nemesio,23,41,18
Horace Milton,129,147,18
Alois Terry,22,40,18
Rudolph,21,39,18
Frederick Stanley,23,41,18
John Phalen,119,137,18
Robert Craig,23,41,18
Mark Tremell,22,40,18
Robert James,21,39,18
David Gene,22,40,18
Lance Michael,21,39,18
Claude Wilson,18,36,18
Fredie Hubert,20,38,18
Bobby Ray,19,37,18
Gregory Richard,21,39,18
John W.,23,41,18
Ronald Lee,24,42,18
Mariano,26,44,18
John Ludy,125,143,18
Jose Antonio,19,37,18
Andrew Eugene,23,41,18
Manuel Aristides,21,39,18
James Patrick,21,38,17
Valentine John,120,137,17
Keith Anthony,23,40,17
James Anthony,21,38,17
Vada Edward,20,37,17
Juan Roman,20,37,17
Daniel Thomas,24,41,17
William Henry,23,40,17
Willie Larry,21,38,17
Michael Cole,23,40,17
Dale Bryan,20,37,17
Albert,22,39,17
Amos Joseph,20,37,17
David Americo,22,39,17
Stephen Francis,120,137,17
Thomas Marian,24,41,17
Orlando Gregorio,25,42,17
Antonio Francesco,23,40,17
Roger Thorpe,119,136,17
Camilo Alberto,20,37,17
Robert Lane,18,35,17
John Scott,22,39,17
John Francis,126,143,17
Donald John,27,44,17
John Alexander,23,40,17
Willie Dean,24,41,17
Lee Andrew,22,39,17
Edgar,24,41,17
John Albert,21,38,17
Richard William,122,139,17
Pedro Jaime,21,38,17
Daniel Knowles,121,138,17
Mickey Charles,20,37,17
August Rodney,123,140,17
Jeffrey Scot,20,37,17
Ezra Ballou,22,39,17
Lee Arthur,23,40,17
David Keith,21,38,17
Truett Banks,125,142,17
Michael Jack,23,40,17
Mervyn John,127,144,17
Raymond William,120,137,17
William Herman,125,142,17
Bret William,20,37,17
Raymond Michael,20,37,17
Richard,123,140,17
William Ellis,21,38,17
Wilbur Forrester,20,37,17
Billy Leo,21,38,17
James,123,140,17
Frank,23,40,17
Jose Luis,21,38,17
Dennis Martin,21,38,17
George Ernest,121,138,17
Fernando,20,37,17
Michael August,25,42,17
Clayland Maffitt,125,142,17
Joseph Paul,20,37,17
Michael Augustine,21,38,17
Harold Joseph,122,139,17
Douglas Keith,25,42,17
Selva Lewis,24,41,17
Ellis Rena,23,40,17
Patrick Lance,25,42,17
John Frederick,121,138,17
Vida Rochelle,20,37,17
Oswald Louis,122,139,17
Wade Anthony,24,41,17
Luis Ernesto,22,39,17
Bradley David,24,41,17
Theodore Wade,22,39,17
Mark Henry,21,38,17
David Gus,21,38,17
Jay Stuart,21,38,17
Juan Jose,21,38,17
David Bruce,22,39,17
Jose Rosario Domec,20,37,17
Carroll Christopher,23,40,17
Richard Aldo,21,38,17
Bartolo,24,41,17
Roberto,21,38,17
Jack Anthony,20,37,17
David Brian,23,40,17
Jeffrey Guy,24,41,17
Roger,23,40,17
Eric Keith,22,39,17
Herman Thomas,20,37,17
Mark William,20,37,17
Virgil Lawrence,124,141,17
Victor Jose,27,44,17
Jay Hanna,120,137,17
Warren Livingston,21,38,17
Hazen Shirley,123,140,17
Johnny David,22,39,17
William Leopold,121,138,17
James Edward,23,40,17
Shawon Donnell,22,39,17
Richard Joseph,21,38,17
George Andrew,22,39,17
Orel Leonard,25,42,17
William Rodman,25,42,17
Trevor William,26,43,17
Torii Kedar,22,39,17
William Wattison,21,38,17
Jason Derik,23,40,17
Frederick Lawrence,124,141,17
Grant Dwight,23,40,17
Charles Devine,122,139,17
Stanley Julian Antonio,20,37,17
Frederick Edward,128,145,17
David Jefferson,121,138,17
Michael,20,37,17
George Lange,120,137,17
Vernon Sanders,20,37,17
Joseph Anthony,124,141,17
John Calvin,23,40,17
Paul Henry,21,38,17
Edward Emil,18,35,17
Jason Alan,22,39,17
Alfredo Claudino,19,36,17
Henry Benjamin,119,136,17
Leon Allen,121,138,17
Eugene Franklin,121,138,17
Michael William,21,38,17
Colbert Dale,21,38,17
Leonard Anthony,24,41,17
Roland Glen,22,39,17
Michael Kendall,24,41,17
William,21,38,17
James Patrick,23,40,17
Alan Duane,22,39,17
Woodrow Thompson,26,43,17
James Louis,19,36,17
Edward Charles,22,39,17
George Arthur,21,38,17
James Francis,19,36,17
Oscar Charles,20,36,16
James Elmer,23,39,16
Ronald Edwin,22,38,16
William Lawrence,122,138,16
Henry Louis,120,136,16
Kenneth Roth,24,40,16
Cornelius Clifford,21,37,16
James Michael,23,39,16
Elroy Leon,25,41,16
Andrew Auguste,19,35,16
Scott Gavin,22,38,16
Charles Edward,24,40,16
Louis Klopsche,121,137,16
Brian David,20,36,16
Robert Moses,125,141,16
Gregory Eugene,21,37,16
Edward Adrain,23,39,16
Jerry Wayne,21,37,16
Christopher Andrew,24,40,16
Dwight Eugene,20,36,16
Robert Anthony,21,37,16
Marquis Deon,22,38,16
Robert,24,40,16
Kirk Harold,22,38,16
John Wesley,22,38,16
Alexander,21,37,16
Juan Alberto,20,36,16
Mark Steven,22,38,16
Charles Herbert,124,140,16
James W.,17,33,16
Jeffrey Franklin,24,40,16
William Frederick,123,139,16
Andruw Rudolf,19,35,16
Deron Roger,22,38,16
Steven Roy,22,38,16
Harry Bartholomew,122,138,16
Michael Franklin,121,137,16
Raymond Ernest,21,37,16
William Jennings Bryan,122,138,16
Keith,21,37,16
Eisler Livan,21,37,16
Roberto Manuel,27,43,16
Todd Lynn,24,40,16
Jacinto Damion,23,39,16
Alphonso Erwin,20,36,16
Myron Walter,21,37,16
Eugene Abraham,123,139,16
Frank Peter Joseph,122,138,16
Carlos Juan,21,37,16
Cecil Celester,22,38,16
Craig John,25,41,16
Stanley Anthony,123,139,16
Rheal Paul,24,40,16
Royce Spencer,21,37,16
Cesar,19,35,16
Ronald Charles,23,39,16
Orlando Manuel,21,37,16
William Benjamin,122,138,16
Juan Gabriel,23,39,16
Bruce Kastulo,21,37,16
Eric Cesar,21,37,16
Joseph John,119,135,16
Jose,21,37,16
Thomas Caesar,26,42,16
Michael Terrance,22,38,16
Miguel Jesus,22,38,16
Norman Dalton,24,40,16
Ricardo Adolfo Jacobo,24,40,16
Morris,121,137,16
Johnny Lee,20,36,16
Rafael Leonidas,21,37,16
Adrian,19,35,16
Carlos Ivan,21,37,16
Joseph Wilbur,23,39,16
Felipe Rojas,23,39,16
Jesus Maria Rojas,21,37,16
Roberto,20,36,16
Wilson Eduardo,19,35,16
Alan Dean,22,38,16
Robert Sherwood,20,36,16
Stanley Raymond,22,38,16
Leon Kessling,121,137,16
Garret Joseph,22,38,16
Henry Ramon,26,42,16
Paul L. D.,20,36,16
James Alan,23,39,16
Cletis Leroy,18,34,16
Thomas Henry,25,41,16
John David,23,39,16
James Paul David,24,40,16
Leslie Ambrose,120,136,16
Brett Morgan,24,40,16
Thomas Jefferson Davis,124,140,16
James Thomas,23,39,16
Walter George,118,134,16
Thomas Tarlton,22,38,16
Jesus Manuel Marcano,23,39,16
Bobby Gene,23,39,16
Joseph Floyd,120,136,16
Timothy Charles,23,39,16
John Montgomery,18,34,16
Claudell,20,36,16
Edward John,25,41,16
Larry Kenneth Robert,23,39,16
Charles F.,122,138,16
Earl Oliver,124,140,16
Devon Markes,23,39,16
James Laverne,123,139,16
Robert Lynn,22,38,16
Matthew Derrick,22,38,16
Milton Edward,20,36,16
Allan Fulton,24,40,16
John Whitlow,122,138,16
Lynwood Thomas,123,139,16
Phillip Anthony,20,36,16
Scott Bruce,21,37,16
Ryne Dee,22,38,16
Reginald Laverne,24,40,16
George W.,23,39,16
Brian Douglas,25,41,16
Scott David,21,37,16
William Harold,120,136,16
Lonnie,23,39,16
Jack Thomas,24,40,16
Carl Reginald,21,37,16
Sherrod Malone,120,136,16
William Joseph,121,137,16
Darryl Eugene,21,37,16
Amos Aaron,119,135,16
Miguel Odalis,23,39,16
Forest Gregory,21,37,16
Julian,20,36,16
Henry Emmett,122,138,16
Johnny Leonard Roosevelt,124,140,16
William Stanley,20,36,16
Robert T.,20,36,16
Christopher,120,136,16
Edwin Lee,21,37,16
Patrick Joseph,121,137,16
Kenneth,24,40,16
Michael Stephen,23,39,16
Ernesto Natali,123,139,16
Fredric Michael,22,38,16
Derek Christopher,24,40,16
Joseph Michael,121,137,16
Stuart Leonard,25,41,16
Guillermo,18,34,16
George Anthony,122,138,16
James Evan,24,40,16
Chan Ho,21,37,16
Milton Stephen,18,34,16
Paul Andrew,22,38,16
John Garrett,21,37,16
Otis Junior,24,40,16
Glenn Calvin,123,139,16
Charles Solomon,121,137,16
Henry Harrison,120,136,16
Jeffrey Scott,22,38,16
Aurelio,20,36,16
David Allan,21,37,16
Stephen George,21,37,16
Edward Stewart,126,142,16
Lipman Emanuel,26,42,16
John Joseph,21,37,16
Darrell Ray,19,35,16
Jorge Rafael,24,40,16
Anthony John,22,38,16
Aramis,20,36,16
John Wesley,20,36,16
Thomas Albert,23,39,16
Alvin Jacob,122,137,15
Pedro,20,35,15
Joseph L.,19,34,15
Michael Joseph,24,39,15
Nathaniel Frederick,22,37,15
Placido Enrique,23,38,15
Walter Clement,120,135,15
Richard Allen,24,39,15
Jeffrey James,24,39,15
James Edward,21,36,15
Richard Alan,21,36,15
Michael John,25,40,15
Edgar Enrique,20,35,15
Daniel Francis,124,139,15
John Joseph,124,139,15
Joseph Michael,25,40,15
Michael Kelvin,20,35,15
Benjamin Ambrosio,22,37,15
Jose Antonio,22,37,15
Francis Joseph,122,137,15
Kenneth Ray,21,36,15
Charles Hugh,25,40,15
Edward Joseph,119,134,15
Steven,24,39,15
Jorge,22,37,15
Alejandro,22,37,15
Jose Benjamin,24,39,15
Donald Wayne,21,36,15
Gregory Brian,24,39,15
Trever Douglas,23,38,15
Kevin Austin,23,38,15
Edmund John,127,142,15
Jesse Clyde,120,135,15
Clarence Francis,121,136,15
Steven Rance,21,36,15
Roy David,22,37,15
Kenneth Lee,20,35,15
John Joseph,25,40,15
Frank Bernard,121,136,15
Mark David,23,38,15
Michael Francis,18,33,15
John Lee,23,38,15
Charles Fred,121,136,15
Albert Walter,23,38,15
Claude Edward,19,34,15
David Earl,27,42,15
Chester Earl,20,35,15
Thornton Starr,127,142,15
Albert Peter,122,137,15
James Kendrick,123,138,15
Gary Nathaniel,22,37,15
Richard John,21,36,15
Frank Spruiell,122,137,15
Constantino,23,38,15
David,22,37,15
Leslie,121,136,15
Juan Antonio,23,38,15
David Joseph,24,39,15
Sherwood Robert,120,135,15
Ronald Matthew,24,39,15
Michael John,22,37,15
Kenton Charles,27,42,15
James Wren,122,137,15
Garry Lewis,20,35,15
Frank Joseph,22,37,15
James Howard,23,38,15
George Cyril Methodius,122,137,15
Frank Elton,118,133,15
Rudolph,126,141,15
Alfonso Guilleard,23,38,15
James Michael,21,36,15
Donald Martin,24,39,15
Joseph,29,44,15
Henry Levai,120,135,15
Diego Pablo,25,40,15
Harold Henry,121,136,15
George Harold,122,137,15
Juan Milton,23,38,15
Octavio Victor,23,38,15
William George,121,136,15
Jeron Kennis,21,36,15
Joseph Oden,21,36,15
Robert Andrew,22,37,15
Randall Christopher,23,38,15
Leo Ernest,24,39,15
Robert Joe,23,38,15
Bernabe,23,38,15
Todd Edward,24,39,15
Gregory Owen,24,39,15
Samuel Filmore,123,138,15
William Edward,24,39,15
Lonnie,121,136,15
Jose Antonio,23,38,15
Randy Lee,25,40,15
Robin Mark,22,37,15
Salomon,21,36,15
Stephen Christopher,23,38,15
George Stuart,21,36,15
Lloyd Andrew,121,136,15
Albert John,19,34,15
Owen Joseph,121,136,15
Jeffrey Alan,19,34,15
Timothy Christopher,25,40,15
Allan James,22,37,15
George Henry,121,136,15
Lawrence Robert,25,40,15
James Leroy,122,137,15
Roberto Martin Antonio,23,38,15
Walter McKinley,123,138,15
Robert Kevin,22,37,15
William F.,119,134,15
Carlos Obed,22,37,15
Robert Thomas,18,33,15
Richard Warren,24,39,15
Henry John,24,39,15
Charles Wesley,24,39,15
John Cleave,120,135,15
Floyd Franklin,22,37,15
Salvatore Leonard,22,37,15
David James,124,139,15
Joseph Chris,23,38,15
Earl L.,22,37,15
Christopher John,22,37,15
John Wesley,19,34,15
Leonardo Lazaro,22,37,15
Edgar Victor,121,136,15
Vinicio,24,39,15
Jay Justin,123,138,15
David S.,23,38,15
John Francis,125,140,15
Estel Crayton,126,141,15
Ryan Scott,21,36,15
Arthur Bobby Lee,19,34,15
Anthony Francis,123,138,15
Mark Thomas,23,38,15
William John,123,138,15
Richard Edward,23,38,15
Woodson George,22,37,15
Kenneth Joseph,19,34,15
Joseph William,130,145,15
Jose Antonio,22,37,15
Carmen Proctor,120,135,15
John Frederick,22,37,15
William White,122,137,15
Elon Chester,126,141,15
Carl Owen,125,140,15
Frank Oliver,22,37,15
Thomas George,20,35,15
Timothy Adam,24,39,15
James Harle,122,137,15
Domingo Felix Andujar,23,38,15
Wallace Keith,24,39,15
Todd Barton Givin,25,40,15
Clarence James,123,138,15
Donald Eulon,22,37,15
David Arthur,23,38,15
Michael Joseph,21,36,15
Ryan Anthony,21,36,15
Edgar Leon,18,33,15
Darold Duane,24,39,15
Chadden Michael,24,39,15
Leondaus,24,39,15
Dennis Patrick,25,40,15
Mark Edward,24,39,15
Christopher Cory,22,37,15
David John,23,38,15
Walter,123,138,15
Richard Morrow,22,37,15
Mark Eugene,24,39,15
Melvin,21,36,15
Jerry Wayne,22,37,15
Stanley Camfield,123,138,15
Irving Darius,122,137,15
Harry Leroy,21,36,15
Mark James,25,40,15
Vladimir,21,36,15
Oswaldo Jose,21,36,15
Henry Knight,123,138,15
John Raymond,24,39,15
William Lee,20,35,15
Lawrence Cyril,23,38,15
Derrel McKinley,21,36,15
William Milton,123,138,15
David Andrew,22,37,15
Elburt Preston,118,133,15
Michael Lee,25,40,15
James C.,20,35,15
Kyle Lynn,23,38,15
Jeffrey Joseph,28,43,15
Howard Jonathan,121,136,15
Curtis Charles,18,33,15
Timothy John,20,35,15
David W.,22,37,15
Terry Jay,19,34,15
Robert Herbert,24,39,15
John Frank,123,138,15
William Ashley,20,35,15
Robert Bartmess,21,36,15
Linus Reinhard,123,138,15
Philip Mason,24,39,15
Dennis Ward,123,138,15
August John,122,137,15
Gregory Carpenter,22,36,14
Rafael,23,37,14
Freddy Antonio,23,37,14
Bernard Albert,120,134,14
John Patsy,23,37,14
Horace Hills,122,136,14
David Daniel,22,36,14
Mark Anthony,22,36,14
Calvin John,24,38,14
Kevin Daniel,22,36,14
Roberto,124,138,14
Frederick Peter,124,138,14
Wesley Cheek,119,133,14
Charles Sidney,21,35,14
Frank Sylvester,20,34,14
Scott Brian,23,37,14
Eddie Gene,23,37,14
Ronald Lavern,20,34,14
Greg Allen,26,40,14
Joseph,123,137,14
Tommy,22,36,14
Frank Witman,119,133,14
Andrew Earl,20,34,14
Mark Andrew,24,38,14
Kevin Frank,22,36,14
Pedro,22,36,14
Harold Augustine,122,136,14
Charlton Atlee,23,37,14
John Gladstone,122,136,14
Jason Michael,24,38,14
Sylveanus Augustus,126,140,14
Shawn David,21,35,14
Cesar Francisco,21,35,14
Frank Gilbert,123,137,14
Edward Patrick,124,138,14
Brian Stephen,24,38,14
Joseph Elliott,25,39,14
Ruben,26,40,14
Raymond Lewis,23,37,14
Carney Ray,21,35,14
Don James,24,38,14
Thomas Michael,24,38,14
Timothy John,23,37,14
Harvey Edward,22,36,14
Michael Andreas,123,137,14
Edward Joseph,122,136,14
Robert Wesley,22,36,14
Charles Ray,22,36,14
Bruce Eugene,21,35,14
Harold Patrick,23,37,14
Jason Daniel,22,36,14
Harry Leroy,119,133,14
Anthony Charles,121,135,14
James Edward,23,37,14
Brian O'Neal,25,39,14
Henry Ward,119,133,14
Bruce Vee,22,36,14
James Augustus,19,33,14
Jay Canfield,25,39,14
Jack Robert,24,38,14
Rex Allen,24,38,14
Clifford,25,39,14
Travis Calvin,119,133,14
Danny Lynn,21,35,14
Darrin Jay,22,36,14
John,21,35,14
Arthur Albert,22,36,14
Joseph Walter,27,41,14
Burt Carlton,21,35,14
Kenneth Dale,20,34,14
Larry Eugene,21,35,14
Myrill Oliver,123,137,14
William Frederick,20,34,14
Larry Darnell,21,35,14
Ramon Jose,23,37,14
Clifton Earl,120,134,14
James B.,19,33,14
Charles Sebastian,123,137,14
Octavio Eduardo,26,40,14
Samuel Paul,125,139,14
Elmer,25,39,14
Scott Jeremy,24,38,14
Joseph Anthony,120,134,14
Daniel,22,36,14
Robert Thomas,22,36,14
Michael Anthony,23,37,14
Chad Griffin,22,36,14
Terrence Michael,22,36,14
David Charles,121,135,14
John Duffield,22,36,14
Jacob Ellsworth,126,140,14
Darren Arthur,21,35,14
George August,123,137,14
Frank Talmadge,122,136,14
James Christopher,122,136,14
John Herman,122,136,14
Douglas Vernon,23,37,14
Ivan,21,35,14
John Wesley,124,138,14
Dennis Bryan,26,40,14
Arley Wilbur,120,134,14
Darnell,21,35,14
Joseph Howard,18,32,14
Anthony Christopher,23,37,14
James,22,36,14
William Nuschler,22,36,14
James Lawrence,22,36,14
Luis Antonio,21,35,14
Frank Anthony,22,36,14
Randol Doyle,25,39,14
Harold Homer,122,136,14
Christopher John,22,36,14
John Anthony,22,36,14
Kenneth Gene,24,38,14
William Richard,25,39,14
Clay Palmer,23,37,14
Hugh Thomas,122,136,14
Stephen David,22,36,14
John Franklin,122,136,14
Charles Douglas,27,41,14
John Landis,118,132,14
John Needles,118,132,14
Armando German,22,36,14
William Lance,23,37,14
Juan Bautista,24,38,14
David Russell,22,36,14
Stephen Wayne,24,38,14
Edward Wilbur,120,134,14
Paul David,23,37,14
Santos,21,35,14
William Francis,22,36,14
Mateo Rojas,22,36,14
Manuel de Jesus,21,35,14
Luis Rene,23,37,14
Richard Anthony,21,35,14
Pedro Julio,24,38,14
Bronson Anthony,23,37,14
Richard Santo,24,38,14
Jeffrey Robert,23,37,14
James Patrick,121,135,14
Richard Alexander,20,34,14
Brady Kevin,24,38,14
Kurt Anthony,24,38,14
Harry Ralston,24,38,14
George Henry,120,134,14
Kenton Lloyd,24,38,14
Stephen Russell,23,37,14
George Joseph,122,136,14
David Allen,24,38,14
Robert Ray,25,39,14
Jay Campbell,23,37,14
Mark Alan,21,35,14
Paul Gregory,25,39,14
Enos Milton,23,37,14
Orlando Luis,23,37,14
Bertram Ray,23,37,14
Clinton Harold,125,139,14
Kenneth Alven,19,33,14
Edwin Albert,20,34,14
Hubert,24,38,14
Brett Daniel,24,38,14
David Allen,23,37,14
Cecil Howell,120,134,14
Austin Ben,121,135,14
Joseph Bert,122,136,14
Robert,20,34,14
Richard William,21,35,14
Andre,24,38,14
Gregory Lamont,24,38,14
Jason Andrew,25,39,14
Delbert Bernard,24,38,14
Joseph Franklin,120,134,14
Ryan Andrew,23,37,14
Ronald Thomas,25,39,14
Frank John,22,36,14
George Elvin,127,141,14
Harvey Willos,125,139,14
Gerald Holmes,123,137,14
Roy Hilton,22,36,14
Rondell Bernard,21,35,14
Vernon M.,21,35,14
Kenneth Roy,125,139,14
Eddie Lee,22,36,14
Gregory Scott,27,41,14
Stanley Wilson,22,36,14
James Eugene,21,35,14
Kerry Lee,21,35,14
Joe,119,133,14
James Sherman,21,35,14
Rudolph Preston,121,135,14
Thomas Jefferson,21,35,14
Stephen Wayne,24,38,14
Eric Orlando,25,39,14
Jack Erwin,121,135,14
James Calvin,22,36,14
Vicente,25,39,14
Timothy James,24,38,14
Rey Francisco,24,38,14
Wilfred Patrick Dolan,121,135,14
Ronald Edward,20,34,14
Richard Daniel,23,37,14
Kenneth Wayne,23,37,14
J Christopher,22,36,14
Burton Edwin,125,139,14
Clyde Mitchell,123,137,14
James Robert,123,137,14
William Henry,122,136,14
Frank M.,122,136,14
Jason David,22,36,14
Daniel Ernest,23,37,14
David Vincent,24,38,14
Aaron Helmer,23,37,14
Mitchell Jack,22,36,14
Robert Michael,23,37,14
James Lloyd,22,36,14
Paul William,24,38,14
Robert Eldridge,128,142,14
Jack,120,134,14
George J.,25,39,14
Walter Cleveland,121,135,14
Timothy Paul,22,36,14
Todd Vernon,23,37,14
Derrel Osborn,20,34,14
George Edward,20,34,14
Thomas Joseph,121,135,14
Fury Gene,23,37,14
Bill,22,36,14
Michael Ausley,25,39,14
Garry Lee,23,37,14
Clyde Jennings,124,138,14
Candido,21,35,14
Michael Grant,24,38,14
Felix Anthony,24,38,14
John Claiborn,19,33,14
Charles Richard,23,37,14
Carl William,124,138,14
Milton Scott,20,34,14
Brent Danem,22,36,14
Jonathan Ray,24,38,14
Theodore Roosevelt,23,37,14
John Kelly,119,133,14
Charles Louis,23,37,14
Derrek Leon,22,36,14
James Reynold,23,37,14
Javier,22,36,14
Mark David,24,38,14
John Bernard,122,136,14
Gregory Michael,20,34,14
Michael Ken-Wai,22,36,14
Frank Andrew,123,137,14
John Joseph,124,138,14
Samuel Edward,19,33,14
Martin Joseph,120,134,14
John Bannerman,120,134,14
Henry Lee,121,135,14
Jerry Wayne,22,36,14
Van Lingle,120,134,14
John Francis,21,35,14
Eugene,122,136,14
Charles William,20,34,14
Julio Ruben,20,34,14
John Kenneth,120,134,14
Richard Alan,23,37,14
Kevin Darnell,22,36,14
Brian Merritt,25,39,14
Benjamin Edwin,120,134,14
George Henry,126,140,14
Carl Anthony,22,36,14
Donald Stephen,19,33,14
Bradley Wayne,22,36,14
Terry Lee,24,38,14
Troy Eugene,26,40,14
Joseph Michael,21,35,14
Magglio,23,37,14
Frederick Raymond,127,141,14
Ramon Diogenes,26,40,14
Larry Alton,21,35,14
Dean William,21,35,14
James Vincent,18,32,14
Jose Antonio,24,38,14
John Mahlon,121,135,14
Robert Michael,23,37,14
Tony Pedro,24,38,14
William Mitchell,19,33,14
Jeffrey Allan,26,40,14
Arthur Neukom,123,137,14
John Edward,121,135,14
Xavier Clifford,22,36,14
Steven,25,39,14
Dennys,20,34,14
Gordon Craig,23,37,14
Paul Rapier,124,138,14
John Milton,22,36,14
Don Allen,21,35,14
Mark Steven,23,37,14
Frank Anthony,124,138,14
Don Carlos Patrick,124,138,14
Todd Alan,25,39,14
Terry Stephen,21,35,14
Jose Alberto,21,34,13
Nicholas Paul,24,37,13
Raymond Lee,127,140,13
Curtis John,25,38,13
Nelson Thomas,125,138,13
Paul John,24,37,13
Luis Andrew,24,37,13
Eric Vaughn,23,36,13
Edward Joseph,123,136,13
Americo Peter,20,33,13
Juan D'Vaughn,23,36,13
Brian Michael,24,37,13
Richard Anthony,27,40,13
Abram Harding,24,37,13
Rafael Alberto,24,37,13
Steven Vincent,27,40,13
Howard Dean,22,35,13
Randall Kirk,23,36,13
Charles Harrison,23,36,13
Chester Raymond,20,33,13
Greggory William,22,35,13
Reuben Henry,121,134,13
William Oliver,21,34,13
Gregory Blakemoor,24,37,13
Albert Richard,129,142,13
Joseph William,21,34,13
Hideo,27,40,13
Vicente de la Cruz,22,35,13
Vicente,24,37,13
Emilio Antonio,120,133,13
Lyle Stefan,24,37,13
Ivan Massie,126,139,13
Eduardo Atanacio,24,37,13
Kenneth William,120,133,13
Carlos Felipe,23,36,13
Gary Charles,22,35,13
Tomas Orlando,22,35,13
Frederick Joseph,24,37,13
Robert Chandler,26,39,13
Michael Wayne,23,36,13
Terry Bluford,123,136,13
Donnie Ray,21,34,13
Alonzo Earl,124,137,13
George Joseph,118,131,13
Patrick Joseph,125,138,13
Guillermo,26,39,13
George Joseph,122,135,13
Edward Joseph,121,134,13
Anthony John,22,35,13
Donald Eric,120,133,13
David Arthur,20,33,13
Orlando Luis,24,37,13
Emil Frederick,121,134,13
Daniel,23,36,13
William Boyd,121,134,13
Esteban Antonio,24,37,13
Kyle Matthew,23,36,13
Aurelio Alejandro,26,39,13
Timothy James,23,36,13
William Crutcher,125,138,13
William Francis,23,36,13
Carlos,23,36,13
James Robert,22,35,13
Jeffrey,22,35,13
Michael Scott,22,35,13
Paul Aaron,24,37,13
Lee Louis,21,34,13
Charles Dallan,23,36,13
Donald Arthur,21,34,13
Ramon Jaime,20,33,13
Joseph Clifton,23,36,13
Frederick,125,138,13
Jason Scott,22,35,13
John E.,20,33,13
Josias,24,37,13
John Steven,24,37,13
William H.,20,33,13
William Harold,125,138,13
Mickey Lee,24,37,13
James Gorman,23,36,13
Mark Patrick,26,39,13
William Charles,24,37,13
Fernando,22,35,13
Danilo,22,35,13
Robert Dale,18,31,13
Shannon Harold,21,34,13
John Franklin,122,135,13
Kelly Lee,24,37,13
Milton Joseph,120,133,13
Harry Duffield,24,37,13
Dale Curtis,23,36,13
Ichiro,28,41,13
Tanyon James,25,38,13
William Joseph,24,37,13
Luis Beltran,25,38,13
Roy Hampton,125,138,13
Edward Russell,121,134,13
Frederick Blair,22,35,13
Raymond Francis,126,139,13
William Allen,25,38,13
Jackson Riggs,123,136,13
Terry Lee,24,37,13
Charles Dillon,122,135,13
Joseph Wheeler,122,135,13
George Charles,22,35,13
John William,124,137,13
Joseph Charles,119,132,13
Richard Craig,21,34,13
David William,123,136,13
Howard Samuel,122,135,13
Paul Kenneth,24,37,13
Terrance Darnell,24,37,13
Richard Walther,120,133,13
William Robert,20,33,13
Stephen Louis,21,34,13
LeRoy John,124,137,13
Robert Martin,128,141,13
Manuel de Jesus,23,36,13
Carsten Charles,21,34,13
Richard David,22,35,13
Olmedo,24,37,13
Harry Franklin,123,136,13
Otto Hamlin,129,142,13
Edgardo Ralph,20,33,13
John Junior,24,37,13
Juan Carlos,23,36,13
Jeffrey Lee,22,35,13
James Edward,23,36,13
Joel Randolph,25,38,13
Michael Brian,24,37,13
Timothy Howard,26,39,13
Anthony Darrell,24,37,13
Maurice Morning,27,40,13
Arthur Earl,123,136,13
Daniel Allen,23,36,13
Larry Dewayne,22,35,13
Richard Hirschfeld,22,35,13
Gerald Floyd,26,39,13
Barry William,22,35,13
Robert Kip,22,35,13
Walter William,24,37,13
Richard Allen,26,39,13
Matthew Christopher,25,38,13
William DeKova,22,35,13
Burgess Urquhart,123,136,13
Daniel Michael,22,35,13
Percival Wheritt,23,36,13
Jacob Cauthen,23,36,13
Cleotha,22,35,13
Robert Vernon,24,37,13
William Charles,24,37,13
Osvaldo Jose,24,37,13
Edward Augustine,123,136,13
Juan C.,22,35,13
Todd Matthew,20,33,13
James Leslie,120,133,13
John Henry,25,38,13
Henry Francis,22,35,13
Javier Carlos,22,35,13
Robert Hayes,124,137,13
John Thomas,122,135,13
Ronald Irvin,23,36,13
Harold Arthur,121,134,13
Nelson Kelley,22,35,13
Hector Harold,27,40,13
Thomas Andrew,21,34,13
Mordecai Peter Centennial,127,140,13
Alonza Benjamin,25,38,13
Jeromy Neal,24,37,13
Richard Paul,23,36,13
Jeffrey Hoke,25,38,13
Russell Oles,23,36,13
George Washington,23,36,13
Joseph Emil,122,135,13
Bret Robert,23,36,13
Bobby Lee,22,35,13
Michael Todd,25,38,13
Joseph Thomas,24,37,13
Thaddis,21,34,13
Michael James,23,36,13
Geoffrey Edward,26,39,13
Charles Francis,123,136,13
Allen Kent,21,34,13
Lawrence David,25,38,13
Alphonse Dante,25,38,13
Michael Joseph,25,38,13
Antonio Rafael,23,36,13
Lonas Edgar,22,35,13
Steven Thomas,20,33,13
Walter Wayne,21,34,13
Paul Andre,26,39,13
Andrew Jason,24,37,13
John Joseph,20,33,13
Donald William,23,36,13
Rodney Roy,23,36,13
Joseph Ronald,24,37,13
Joshua Patrick,21,34,13
Timothy Wayne,26,39,13
Andrew Charles,22,35,13
Raymond Adelphia,123,136,13
Michael Paul,24,37,13
Gary David,23,36,13
Joaquin Antonio,24,37,13
Kevin Charles,23,36,13
Rodrigo Richard,24,37,13
Grant Robert,24,37,13
Warren William,24,37,13
Hector,25,38,13
Harold Gust,125,138,13
Donald Eugene,22,35,13
Ralph Michael,22,35,13
Norman Wood,25,38,13
Raul Alexander,23,36,13
Endy de Jesus,23,36,13
Jeffrey Howard,25,38,13
Frank John,23,36,13
James Wayne,19,32,13
William Watson,122,135,13
Rocco Domenico,22,35,13
Jose Alexander,23,36,13
Francisco Javier,24,37,13
Wilfredo,21,34,13
George Walter,123,136,13
Robert George,19,32,13
Edgar Edward,26,39,13
Richard Broadus,121,134,13
Abner Frank,21,34,13
Michael Brent,22,35,13
Willie Murphy,18,31,13
Ray,24,37,13
Jermaine Terrell,22,35,13
Adam Troy,22,35,13
James Morris,21,34,13
Don Robert,23,36,13
Donald Scott,20,33,13
David Jonathan,23,36,13
Lawrence Joseph,121,134,13
Jeremiah Dennis,22,35,13
Lawrence Edward,18,31,13
Robert Allen,27,40,13
Michael Joseph,125,138,13
Michael Cornelius,24,37,13
Frank Joseph,123,136,13
Albert James,127,140,13
John Geoffrey,121,134,13
Michael Thomas,23,36,13
Frederick Amos,119,132,13
James Michael,22,35,13
Thomas Anthony,25,38,13
Tommy Vann,23,36,13
Wesley Ray,22,35,13
David Lee,23,36,13
Edward Burlton,126,139,13
Otto C.,124,137,13
Patrick George,23,36,13
Marc Kevin,21,34,13
Kenneth Wade,23,36,13
Darren Lee,24,37,13
Arthur Frederick,121,134,13
William Elmer,122,135,13
Lawrence Curtis,24,37,13
Dion,21,34,13
David Allen,22,35,13
Wheeler Roger,122,135,13
Ernest Rudolph,124,137,13
Joseph Richard,18,31,13
Gregory Scott,20,33,13
Kent Allen,21,34,13
Elston Gene,26,39,13
Cecil Randolph,22,35,13
Todd Randolph,21,34,13
William Forrest,25,38,13
John Edwin,122,135,13
Thomas James,122,135,13
Howard Michael,22,35,13
Kenneth Lance,24,37,13
Cleon Joseph,21,34,13
Charles Wesley,23,36,13
Odell,22,35,13
Samuel,26,39,13
David Christopher,23,36,13
Terrance Edward,22,35,13
Eric Peter,24,37,13
Stefan Andrew,21,34,13
Walter Francis,122,135,13
Timothy John,23,36,13
Adam Thomas,23,36,13
Roberto Conrado,23,36,13
John,125,138,13
John Henry,126,139,13
Raymond Carl,127,140,13
Lewis Bernard,18,31,13
Michael Edward,24,37,13
Michael James,22,35,13
Hobart Neal,20,33,13
David Eugene,22,35,13
Anthony Michael,123,136,13
Harry Arthur,122,135,13
Gary Robert,25,38,13
Vernon Louis,122,135,13
Jerry Don,22,35,13
James William,25,38,13
Andrew Bernard,19,32,13
George C.,125,138,13
Thomas James,21,34,13
James Timothy,23,36,13
Anthony Joseph,24,37,13
James William,23,36,13
Wilbur David,120,133,13
Thomas Jones,23,36,13
Rene Adrian,24,37,13
George F.,25,38,13
Darryl Quinn,24,37,13
Earl Andrew,120,133,13
Harvey,27,40,13
William Bernard,121,134,13
Charles James,121,134,13
William Anthony,123,136,13
Ronald Ames,25,38,13
Carlos Alfonso,23,36,13
Jose Manuel,21,34,13
Mark Steven,22,35,13
Wedsel Gary,27,40,13
George William,122,135,13
Ronald William,25,38,13
Scott Allen,26,39,13
Minter Carney,121,134,13
Charles Dewayne,23,36,13
William Joseph,24,37,13
George Washington,124,137,13
Peter Thomas,22,35,13
Arthur,124,137,13
Darrin Glen,23,36,13
Ira James,124,137,13
John Timothy,25,38,13
Cecil Grant,22,35,13
Joseph Vance,24,37,13
Robert Vavasour,26,39,13
Richard Joseph,22,35,13
Aaron Shawn,22,35,13
Alvaro Alberto,22,35,13
Darin Charles,22,35,13
Carl Edward,22,35,13
Richard Clark,18,31,13
Gilbert Raymond,122,135,13
John Alban,23,36,13
Edward Cunningham,123,136,13
Lawrence Herbert,122,135,13
Rigoberto,21,34,13
Charles William,22,35,13
Charles John,20,33,13
Dellas Clinton,123,136,13
Debs C.,125,138,13
Jon Steven,21,34,13
Anthony Nomar,23,36,13
Mark Allan,27,39,12
Ralph Allen,23,35,12
Gary Merle,21,33,12
Richard Leo,21,33,12
Curtis Hooper,123,135,12
Richard Aron,19,31,12
Michael Anthony,25,37,12
David Travis,21,33,12
Frederick Meloy,123,135,12
Ryan Ray,26,38,12
Raymond Earl,20,32,12
David Luther,28,40,12
Chad Douglas,27,39,12
Ervin,124,136,12
Lewis Albert,122,134,12
Thomas Michael,24,36,12
David William,22,34,12
Joseph Raymond,24,36,12
John Charles,21,33,12
Mark William,25,37,12
William Roger,21,33,12
Scott Alan,25,37,12
Kelvim Jose,21,33,12
Salvatore Frank,25,37,12
Edward Joseph,22,34,12
Desmond DeChone,24,36,12
Timothy Allan,24,36,12
Stanley Raymond,123,135,12
Aaron Michael,24,36,12
Steven Lowell,23,35,12
Edward Hugh,23,35,12
Wallace Larry,24,36,12
Charles Oscar,23,35,12
Donald Joseph,124,136,12
Arthur Lee,26,38,12
Charles Louis,122,134,12
Jeffrey Bryan,22,34,12
John Beverley,124,136,12
George Farley,122,134,12
Thomas Herman,124,136,12
Joseph Charles,25,37,12
Fred Earl,25,37,12
Troy,22,34,12
Alexander Scott,21,33,12
Terry Hester,27,39,12
Jason Dean,26,38,12
John Derran,24,36,12
Clement Walter,24,36,12
William Culp,25,37,12
Ernest George,123,135,12
Louis Laddie,127,139,12
Louis Stephen,19,31,12
John Patrick,119,131,12
Michael Dennis,20,32,12
John Edward,21,33,12
James Lester,25,37,12
James Hubert,23,35,12
Thomas F.,20,32,12
William,122,134,12
Matthew Aloysius,20,32,12
William Edward,123,135,12
Gabriel Stefan,23,35,12
Robert Oliver,25,37,12
Kenneth Travis,25,37,12
Russell Conwell,122,134,12
Thomas L.,122,134,12
Timothy Craig,23,35,12
Miller James,126,138,12
Aubrey Lewis,24,36,12
Jeffrey Kent,24,36,12
Ira Kendall,123,135,12
Alan Thomas,21,33,12
Bobby Dean,25,37,12
Kevin Thomas,25,37,12
Manuel Julian,24,36,12
Alexander,22,34,12
Robert Lee,128,140,12
Joseph Jefferson,121,133,12
William Chester,125,137,12
Merwin John William,121,133,12
Michael Wilson,19,31,12
Cesar David,21,33,12
Peter Joseph,22,34,12
Omar Rafael,21,33,12
Charles Brandon,24,36,12
James Francis,119,131,12
William Henry,21,33,12
James,22,34,12
David Michael,24,36,12
Glenallen,24,36,12
Andrew Aird,125,137,12
James Lucius,25,37,12
Dennis Lee,23,35,12
Sterling Alex,21,33,12
John Aloysius,124,136,12
Charles Lincoln,123,135,12
Thomas Mitchell,23,35,12
Guillermo,23,35,12
Ricky Allen,24,36,12
Daniel William,22,34,12
Wallace Andrew,124,136,12
Frank Michael,25,37,12
Michael William,27,39,12
George Willard,120,132,12
Baudilio Jose,24,36,12
John Allen,22,34,12
Delino Lamont,21,33,12
Richard Anthony,24,36,12
Douglas Dean,24,36,12
Mariano,22,34,12
David Edwin,19,31,12
Carl Demonte,21,33,12
Covelli Loyce,23,35,12
Midre Almeric,22,34,12
Joseph Robert,23,35,12
Jose,23,35,12
Joseph Franklin,122,134,12
David Michael,24,36,12
Robert George,24,36,12
Curtis Benton,131,143,12
Douglas,24,36,12
George Willis,124,136,12
George Earl,21,33,12
James Houston,25,37,12
Lloyd Garrison,122,134,12
Ronald Maurice,23,35,12
Clifford Carlton,127,139,12
Alfred Edward,23,35,12
Danny Bradford,24,36,12
Gregory Joseph,23,35,12
Vincent Maurice,24,36,12
Gordon Stanley,122,134,12
Philip Eugene,122,134,12
Charles Albert,23,35,12
John Gibson,21,33,12
David Earl,24,36,12
Reginald Leslie,21,33,12
Ramon Abraham,23,35,12
Alberto Terrero,25,37,12
George Jasper,127,139,12
Chester James,122,134,12
Harry,18,30,12
Bruce Douglas,121,133,12
Adolph Louis,126,138,12
Robinson Castro,23,35,12
Raul,24,36,12
Scott Alan,25,37,12
Stephen Charles,24,36,12
Tracy Souter,127,139,12
Charles Henry,122,134,12
James Leland,23,35,12
William Harrison,21,33,12
Jesse Lawrence,123,135,12
Lawrence James,126,138,12
Ronald,23,35,12
George Antonio,22,34,12
Erik Joseph,23,35,12
Earl Jesse,20,32,12
Stanwood Fulton,120,132,12
Kenneth Jerry,22,34,12
Jeremy David,23,35,12
Juan Roberto,23,35,12
Earl J.,128,140,12
William Robert,24,36,12
Douglas L.,25,37,12
Ethan Nathan,122,134,12
John Thomas,128,140,12
Jose Joaquin,21,33,12
Howard Earl,127,139,12
Joaquin,24,36,12
Brian James,21,33,12
Louis W.,21,33,12
James Blair,28,40,12
John Eugene,25,37,12
Antonio,23,35,12
Wilson,20,32,12
Bruce Anton,24,36,12
William Paul,25,37,12
Luzerne Atwell,124,136,12
William Casey,26,38,12
Jeffrey Michael,22,34,12
Aaron John,24,36,12
Bobby Donald,22,34,12
Frank Elmore,23,35,12
John Anthony,20,32,12
Stephen A.,23,35,12
Edgar Garland,121,133,12
Thomas Everett,23,35,12
James Franklin,23,35,12
Marlon Jerrard,25,37,12
Ollie Lee,21,33,12
Louis Rogers,21,33,12
William James,24,36,12
Emil Quincy,23,35,12
Charles Herman,126,138,12
Thomas Joseph,24,36,12
Alejandro,21,33,12
Gus,23,35,12
Fred Alexandra,123,135,12
Yorvit Adolfo,23,35,12
Richard William,25,37,12
Michael Joseph,20,32,12
Milton Bernard,25,37,12
Robert Andrew,27,39,12
William McKinley,22,34,12
Zoilo Casanova,20,32,12
David,24,36,12
Maurice Samuel,24,36,12
Andrew James,23,35,12
Robert Lee,21,33,12
Ray Lee,19,31,12
Daniel James,21,33,12
William Adolph,120,132,12
Ronald,25,37,12
John Truman,23,35,12
Harold Edward,122,134,12
Michael Richard,21,33,12
James Ross,26,38,12
Clarence William,124,136,12
William Murray,122,134,12
Jayson Richard Gowan,23,35,12
Guy Harris,122,134,12
Jerome Cardell,22,34,12
Joyner Clifford,123,135,12
Terry Bertland,21,33,12
Philip,126,138,12
Philip Walter,117,129,12
Robert George,123,135,12
Michael Francis,21,33,12
Mitchell Dean,24,36,12
Richard Walter,22,34,12
Henry,120,132,12
Lemuel Floyd,126,138,12
Geoffrey Clayton,28,40,12
Edward Laquan,22,34,12
Edward Nagle,21,33,12
Dwight Randolph,24,36,12
Robert Paul,22,34,12
Todd Michael,24,36,12
Michael Atwater,21,33,12
Samuel Washington,24,36,12
Todd Roland,26,38,12
Christopher Michael,23,35,12
George Albert,22,34,12
Dmitri Dell,23,35,12
Norman Robert,121,133,12
Harold Delano,20,32,12
Vernon Gerald,23,35,12
Kirk Wesley,23,35,12
Glendon James,23,35,12
Jack Houston,120,132,12
David Wade,25,37,12
Gary Steven,22,34,12
Stephen Douglas,24,36,12
Edwin Americus,123,135,12
James Phillip,26,38,12
John Theodore,119,131,12
Luis Ernesto,24,36,12
Deion Luwynn,22,34,12
Kenneth George,23,35,12
Johan Alexander,21,33,12
Ramon D.,23,35,12
Robert Ralph,23,35,12
Norman Leroy,23,35,12
Urban James,126,138,12
Joseph Benjamin,123,135,12
William D.,26,38,12
Craig Barry,23,35,12
Henry Walter,123,135,12
Richard Spencer,22,34,12
Harry Fenton,124,136,12
Brian Duncan,24,36,12
Lewis Everett,122,134,12
Michael Lorri,22,34,12
Michael Warren,24,36,12
Marcos,27,39,12
Glen Eugene,19,31,12
DeWain Lee,23,35,12
Robert William,23,35,12
William James,23,35,12
Allen Sutton,121,133,12
Albert Donald,26,38,12
George Tucker,123,135,12
Rafael,23,35,12
Zane William,24,36,12
Bryn Nelson,26,38,12
Charles Edwin,122,134,12
Aaron James,23,35,12
Roy Frederick,23,35,12
David Stanley,25,37,12
Harry W.,21,33,12
William Graves,120,132,12
Howard Bruce,23,35,12
Gary Lynn,22,34,12
Allyn McClelland,127,139,12
Kevin Ray,25,37,12
Robert Alan,26,38,12
Anthony Charles,24,36,12
John Ellis,25,37,12
Michael Andrew,23,35,12
Richard Keith,26,38,12
Kirt Dean,22,34,12
Richard Eugene,21,33,12
Victor Jesus,24,36,12
Michael Scott,24,36,12
Jonathan Trumpbour,21,33,12
Arthur Lee,25,37,12
Edward Joseph,126,138,12
Frederick Charles,119,131,12
Jose Desiderio Rodriguez,22,34,12
Colby Preston,23,35,12
Darren Joel,23,35,12
Dennis Patrick,23,35,12
Hubert Benjamin,121,133,12
Johnnie Lee,21,33,12
Clifton Phifer,24,36,12
Harry Loran,121,133,12
David Paul,22,34,12
Luis Manuel,23,35,12
Rodrigo,25,37,12
Richard Dale,25,37,12
John,25,37,12
Gerald Thomas,24,36,12
Brandon James,22,34,12
Dennis Patrick Aloysius,19,31,12
Ryan Andrew,24,36,12
Michael Averett,24,36,12
Edwin John,23,35,12
Robert Emmett,122,134,12
Scott Houston,22,34,12
Charles Dwayne,22,34,12
Jack Burns,21,33,12
James B.,21,33,12
David Andrew,24,36,12
Thomas Francis Michael,21,33,12
Harry Henry,123,135,12
Tommy Lee,23,35,12
Bernhard,128,140,12
Denis John,22,34,12
Joe Craig,24,36,12
Henry William,126,138,12
George Hartley,126,138,12
Larry Dean,24,36,12
Hugh Noyes,122,134,12
Harry Harlan,121,133,12
Joseph H.,25,37,12
William Harold,23,35,12
Tom Stephen,21,33,12
Melvin,27,39,12
Frederick Francis,123,135,12
Paul Thomas,24,36,12
Donald Ray,22,34,12
Raul Ramon,22,34,12
John Joseph,24,36,12
Jeffrey Thomas,25,37,12
Benjamin Jose,24,36,12
Lowell Otto,121,133,12
Colonel Buster,126,138,12
Corky Abraham Philip,25,37,12
George Frederick,20,32,12
John Barney,123,135,12
Claude William,126,138,12
Martin William,25,37,12
Jacob Edward,21,33,12
Jason Lee,26,38,12
Oliver,21,33,12
Ronald Peter,25,37,12
Roberto Antonio,23,35,12
Gerald June,23,35,12
Jose Manuel,20,32,12
James Paulus,124,136,12
Roy Edward,24,36,12
Russell Reid,24,36,12
Adalberto,23,35,12
Donovan Alan,23,35,12
James Philip,21,33,12
Spike Dee,22,34,12
Mark Alan,25,37,12
Orlando,26,38,12
Christopher Trotman,22,34,12
Wilbert,25,37,12
Edwin,19,31,12
Daniel Francis,21,33,12
Johnny Lee,19,31,12
John Cyrus,121,133,12
Ronald John,22,34,12
William McDaniel,23,35,12
Miguel Eduardo,24,36,12
Joseph Melton,24,36,12
Lamar Ashby,125,137,12
Wayland Eugene,21,33,12
Dennis Edward,23,35,12
Michael Stanley,26,38,12
James Oscar,124,136,12
Timothy Hayes,21,33,12
Philip Raymond,23,35,12
Randy Max,23,35,12
Michael Patrick,27,39,12
Gary Eugene,26,38,12
Bryan Cody,25,37,12
Dennis Lee,24,36,12
John William,122,134,12
Jean Claude Marc,22,34,12
Carl Nettles,124,136,12
Richard Shane,24,36,12
Charles Flint,123,135,12
Mervin Weldon,25,37,12
Edward Marvin,123,135,12
Peter Gerard,23,35,12
Lewis Sidney,124,136,12
Luis Antonio,22,34,12
Francisco Jose,20,32,12
Fernando,25,37,12
Leon Joseph,23,35,12
Robert Eugene,21,33,12
David Arthur,25,37,12
Daniel Joseph,21,33,12
Brandon Emil,21,33,12
George William,124,136,12
Louis Americo,131,143,12
Domingo Antonio,20,32,12
Rafael Emilio,22,34,12
Ted Henry,26,38,12
Derrill Burnham,124,136,12
Robert Thomas,25,37,12
William Aloysius,25,36,11
Joseph Jason,26,37,11
Kirby,24,35,11
Victor Pellot,27,38,11
Raymond Raeth,125,136,11
Paul Revere,22,33,11
Scott David,22,33,11
Brad William,23,34,11
Daniel Raymond,26,37,11
Humberto,24,35,11
Charles Gardner,26,37,11
Scott Eric,25,36,11
Sidney Alton,22,33,11
Paul Edward,24,35,11
Joel Alberto,22,33,11
Edward Jaykill,123,134,11
Ernest Gordon,123,134,11
Russell Dixon,122,133,11
Eugene James,23,34,11
Edward David,123,134,11
Juan Luis,23,34,11
Eugene Edward,120,131,11
Felix Antonio,23,34,11
David Richard,23,34,11
Ricardo,27,38,11
James Joseph,122,133,11
William Oliver,23,34,11
Lance Clayton,124,135,11
Desmond Lamont,23,34,11
John Good,22,33,11
Robert Clinton,20,31,11
Armando Martin,25,36,11
Harold Craig,23,34,11
Jose Bernabe,20,31,11
Shane William,23,34,11
Morris Charles,123,134,11
Jon Erich,24,35,11
William Angle,121,132,11
Leonard Shenoff,22,33,11
Joseph Gregory,26,37,11
Jeffrey Allen,28,39,11
Michael Anthony,24,35,11
George King,124,135,11
Dale Albert,24,35,11
Thomas Andrew,23,34,11
Dwayne Keith,23,34,11
Harold Richard,23,34,11
Brett Allen,22,33,11
John Joseph,122,133,11
Ivan Augustus,20,31,11
Jaime,22,33,11
James William,23,34,11
Phillip Joseph,24,35,11
Omar,23,34,11
Joseph Carl,122,133,11
Rowland Johnie,20,31,11
James Kenneth,122,133,11
Peter Michael,24,35,11
Leslie Grant,122,133,11
Abraham Orlando,21,32,11
Vladimir,23,34,11
Henry Kawaihoa,124,135,11
Johnny Lane,24,35,11
James Thomas,25,36,11
Louis Alexander,122,133,11
Robert Charles,24,35,11
Dickie Ray,23,34,11
Russell Eugene,22,33,11
David William,21,32,11
Michael Timothy,24,35,11
Thomas Alan,25,36,11
Thomas Francis,124,135,11
Don Wilson,126,137,11
Pascual Gross,23,34,11
Neifi Neftali,23,34,11
Yorkis Miguel Vargas,24,35,11
Joseph Anthony,22,33,11
Jhonny Antonio,21,32,11
Donald Corey,21,32,11
Felix Bernardo,23,34,11
Kevin Charles,27,38,11
Douglas Andrew,24,35,11
Alan Bernard,24,35,11
Randall James,24,35,11
John David,22,33,11
Eric Robert,23,34,11
Douglas Anthony,26,37,11
George Eugene,21,32,11
Jose Manuel,29,40,11
Raymond Leroy,26,37,11
Graham Edward,124,135,11
Joseph Gregg,122,133,11
Wallace Wade,24,35,11
Russell Lee,24,35,11
Justin Ernest George,22,33,11
Michael Howard,27,38,11
Bobby Keith,24,35,11
Omar Renan,23,34,11
James Forrest,25,36,11
Matthew Christian,23,34,11
Donald Louis,25,36,11
John Anthony,122,133,11
Lloyd Anthony,21,32,11
Walter Kevin,24,35,11
John Bernard,23,34,11
George Watt,122,133,11
Gilbert Allen,21,32,11
Oscar Donald,127,138,11
Daniel Thomas,22,33,11
John Alexander,23,34,11
Quinton Antoine,25,36,11
Kirk Edward,24,35,11
Michael Henry,21,32,11
Roger Alan,25,36,11
Matthew Martin,121,132,11
Salvatore Anthony,23,34,11
Grover Cleveland,124,135,11
Omar Joseph,27,38,11
Julio Cesar,25,36,11
Frederick William,124,135,11
Jerry Dean,23,34,11
William,21,32,11
Braden LaVern,24,35,11
Javier Alfonso,26,37,11
Hector Headley,26,37,11
Craig Lindsay,26,37,11
Mark Edward,27,38,11
Randy Louis,21,32,11
Curtis John,25,36,11
George Edward,122,133,11
Sixto Joaquin,21,32,11
Michael George,24,35,11
Nelson Arturo,23,34,11
Scott Cameron,24,35,11
Douglas Warren,27,38,11
Frank Alfred,23,34,11
James Earl,123,134,11
David LaFrance,24,35,11
Gary Nathaniel,25,36,11
John Robert,24,35,11
Ramon E.,26,37,11
Albert Lee,25,36,11
Alfred Manuel,22,33,11
Damaso,24,35,11
Leo Allan,128,139,11
Frank James,25,36,11
Albert Leon,119,130,11
James William,20,31,11
Roger Eugene,23,34,11
Patrick Lavon,22,33,11
John Walter,121,132,11
Michael Anthony,26,37,11
Robert Meiklejohn,24,35,11
Shane Lee,24,35,11
Mark Charles,23,34,11
Ralph Willard,20,31,11
William Vincent,124,135,11
Patrick Sean,23,34,11
Edward Francis,120,131,11
Franklin Crisostomo,22,33,11
George Thomas,127,138,11
Paul Oscar Edward,120,131,11
John A.,23,34,11
Richard Lee,26,37,11
Franklin Lee,24,35,11
Scott Michael,23,34,11
Leonard Clark,20,31,11
Gorrell Robert,24,35,11
Craig Steven,23,34,11
Cyrus Edward,22,33,11
Frank Elmer,125,136,11
Edgar,123,134,11
Elmer John,122,133,11
Earl Sutton,122,133,11
John Patrick,21,32,11
Alfred John,127,138,11
Alphonse Eugene,25,36,11
Peter John,21,32,11
Charles Marvin,24,35,11
Lary Alan,22,33,11
Tolia,21,32,11
Russell Henry,25,36,11
Daniel Ray,23,34,11
William Harry,24,35,11
Elias,22,33,11
Mario Melvin,21,32,11
Scott Edward,24,35,11
Daryl Dean,24,35,11
Justin James,25,36,11
Anthony,22,33,11
Daniel Joseph,22,33,11
Richmond Lockwood,23,34,11
Kevin Lee,24,35,11
David Joseph,24,35,11
Scott David,26,37,11
George Quintus,27,38,11
Ben M.,23,34,11
James Philip,23,34,11
Maurice Joseph,118,129,11
Thomas Clancy,121,132,11
Jeffrey Lee,24,35,11
Milburn James,124,135,11
Edward Joseph,119,130,11
Wilfred Charles,27,38,11
Theodore Crawford,24,35,11
Matthew Stephen,21,32,11
John Stanley,27,38,11
Louis I.,19,30,11
Joseph Charles,24,35,11
Dominic Joseph,132,143,11
Edward Jack,24,35,11
Robert Abial,123,134,11
Cody Joseph,23,34,11
David Elwood,23,34,11
John Charles,23,34,11
Bruce Wayne,23,34,11
Forest Glenn,123,134,11
George,24,35,11
Taft Shedron,127,138,11
Kevin Stacey,23,34,11
Harold Joseph,24,35,11
Gerald Alphonse,24,35,11
Johnny Bilton,25,36,11
John Carl,124,135,11
Mark Edward,21,32,11
Walter Allen,21,32,11
Earl Lawrence,25,36,11
Jack Eugene,24,35,11
Lewis Robert,123,134,11
Glenn Dwight,24,35,11
William Hayward,24,35,11
George Leroy,125,136,11
Mitchell Steven,22,33,11
Michael Darren,24,35,11
Jerome Lee,22,33,11
Carl Blake,24,35,11
Christopher Jon,24,35,11
Arthur Carter,123,134,11
Ty Allen,25,36,11
Carlos Alberto,20,31,11
Donald William,23,34,11
William Henry,123,134,11
Jeffrey Charles,23,34,11
James Dement,125,136,11
Samuel H.,20,31,11
Edwin Lee,123,134,11
Lewis Charles,123,134,11
Steven John,26,37,11
Leonard Irell,24,35,11
Rickie Darnell,21,32,11
Sammy Charles,24,35,11
Arthur Wilson,22,33,11
Gabriel Allen,23,34,11
George,125,136,11
John Karl,23,34,11
Todd Arthur,23,34,11
Peter Brian,26,37,11
William Curtis,123,134,11
Leon Lamar,24,35,11
Fernando,24,35,11
John Christopher,23,34,11
Peter Dennis,23,34,11
Jarrod Michael,24,35,11
Frank Gray,16,27,11
Turner Max,25,36,11
Gary Lamell,26,37,11
Aaron Lee,121,132,11
William Robert,23,34,11
George Albert,121,132,11
Chase Cameron,25,36,11
Jose Javier,22,33,11
Ismael,21,32,11
Jose Rafael,25,36,11
Thomas Martin,20,31,11
Shane Patrick,23,34,11
Jose Angel,23,34,11
Jorge Luis,22,33,11
Alphonse,127,138,11
Alfred Chester,130,141,11
Cesar Leonardo,25,36,11
Andres Yungo,24,35,11
Michael,124,135,11
John Thomas,25,36,11
John Philip,21,32,11
Michael Anthony,24,35,11
Steven Russell,21,32,11
Thomas Dale,26,37,11
John Edward,20,31,11
Edward Francis,24,35,11
Sidney Eugene,23,34,11
George Edward,125,136,11
Mace Stanley,126,137,11
Larry Leslie,23,34,11
Thomas Leo,24,35,11
Wilbur Lee,122,133,11
William Haron,28,39,11
Ralph Stanley,127,138,11
Jose Miguel,20,31,11
Gregory James,25,36,11
Thomas P.,20,31,11
Patrick Brian,24,35,11
Robert Randall,24,35,11
James Quinter,123,134,11
John George,22,33,11
Milton Obelle,22,33,11
Chadwick Lee,24,35,11
Pedro,23,34,11
Pedro Felix,25,36,11
Stanley George,124,135,11
Ricky Paul,25,36,11
Don Lee,23,34,11
William Allen,25,36,11
George Franklin,121,132,11
John Dominic,22,33,11
Brian Edward,22,33,11
Joseph Martin,25,36,11
Raymond Frederick,127,138,11
Claude Elzy,124,135,11
Geronimo Emiliano Letta,24,35,11
Max Frederick,125,136,11
Marlon Ordell,24,35,11
Benigno,23,34,11
James Charles Jacob,123,134,11
Edward Joseph,119,130,11
Fernando,23,34,11
Bernard Keith,23,34,11
Edgardo Antonio,22,33,11
Victor,124,135,11
Ruben,22,33,11
Tommie Lee,20,31,11
William Glenn,22,33,11
Daniel,21,32,11
Leocadio Francisco,23,34,11
William Lear,120,131,11
Wilbur Gary,22,33,11
Albert Jojuan,23,34,11
Stanley Peter,23,34,11
Matthew Thomas,23,34,11
David Michael,23,34,11
Bruce Edwin,23,34,11
Kristen James,25,36,11
Leonard Harold,21,32,11
Clint Harold,24,35,11
William Henry,26,37,11
Michael Patrick,22,33,11
John Joseph,121,132,11
Gabor Paul,26,37,11
Willie Anthony,22,33,11
Alan,23,34,11
Jesse Lee,22,33,11
Sean Thomas,23,34,11
David,21,32,11
Jamey Blake,28,39,11
Samuel Clifford,23,34,11
Thomas Francis Aloysius,129,140,11
Giovanni,27,38,11
Casey Todd,25,36,11
Bernardo,22,33,11
Christopher Frank,25,36,11
Samuel Howard,123,134,11
Raymond Benjamin,122,133,11
Marquette Joseph,125,136,11
Robert Henry,26,37,11
Danny Anderson,24,35,11
Donn Alvin,26,37,11
Harlond Benton,122,133,11
Tyrone Alexander,21,32,11
Tony Lee,21,32,11
James Alton,24,35,11
Mark Alan,23,34,11
John Edgar,21,32,11
Earle Bryan,125,136,11
Jack Dean,24,35,11
Harry Warren,124,135,11
Harry Frank,121,132,11
Roger Lee,25,36,11
Kevin John,23,34,11
James Bernard,27,38,11
Neal James,23,34,11
Donald Eugene,22,33,11
Anthony Richard,19,30,11
Jose Manuel,22,33,11
James Edward,123,134,11
Morton Cecil,125,136,11
Wallace McArthur,25,36,11
David Christopher,24,35,11
Kenneth Grant,23,34,11
Ivan Martin,23,34,11
Donald Lee,21,32,11
George William,126,137,11
Ellsworth Tenney,123,134,11
Cornelius F.,21,32,11
Clayton Errol,24,35,11
Hugh Melville,124,135,11
Steven Ray,22,33,11
Jose Luis,23,34,11
Juan Carlos,23,34,11
Frederick C.,21,32,11
John Francis,20,31,11
Rinold George,25,36,11
Leonard Kyle,22,33,11
Jean Joseph Octave,120,131,11
Michael,24,35,11
Russell Earl,22,33,11
James Joseph,24,35,11
Gary Thomas,22,33,11
Miguel Angel,20,31,11
William Donald,24,35,11
Richard Elliott,20,31,11
Chris Barton,25,36,11
Peter Joseph,121,132,11
Neal,22,33,11
Elrod Jerome,28,39,11
Harvey,126,137,11
Steven Curtis,25,36,11
Edward Martin,21,32,11
Roy Kniklebine,122,133,11
Dwayne Allen,22,33,11
Dustin Michael,23,34,11
Ronald Wray,24,35,11
Eric Scott,25,36,11
Koyie Dolan,24,35,11
Walter Henry,122,133,11
Todd Mathew,22,33,11
Albert Wayne,127,138,11
Edwin,20,31,11
Brook Wallace,22,33,11
Roland Thomas,19,30,11
Charles Edward,23,34,11
Harold Chandler,119,130,11
James Michael,24,35,11
Jack Eugene,23,34,11
Glenn Dee,21,32,11
Arthur Henry,28,39,11
Timothy Kenneth,23,34,11
Michael Joseph,22,33,11
Joel Edward,24,35,11
Henry Franklin,20,31,11
Ronald Kenneth,22,33,11
Roy John,124,135,11
Jason Michael,24,35,11
Reed Cameron,27,38,11
Nicholas Robert,23,34,11
Gordon Bassett,24,35,11
Ronald Joseph,23,34,11
Ruppert Sanderson,21,32,11
Baxter Byerly,120,131,11
Von Everett,21,32,11
Darryl Andrew,23,34,11
Charles Frederick,18,29,11
John Francis,125,136,11
Lloyd Vernon,127,138,11
Austin Ryan,22,33,11
Steven F.,23,34,11
Fred Lyn,20,31,11
William Joseph,24,35,11
Edward Charles,23,34,11
Franz Otto,121,132,11
Mark Anthony,121,132,11
Sanford,20,31,11
Duane Eugene,24,35,11
Gerald Lee,24,35,11
Matthew,24,35,11
Vance Aaron,24,35,11
Michael Eugene,24,35,11
John Leonard,123,134,11
Charles Richard,23,34,11
Frank Strong,24,35,11
Lynford Hobart,123,134,11
Michael Jason,25,36,11
David Jeffrey,21,32,11
John Young,126,137,11
Ryan David,22,33,11
Jonathan Johnson,23,34,11
David Allan,23,34,11
Ross Peter,24,35,11
Otis Bernard,24,35,11
Michael Joseph,22,33,11
John Helm,21,32,11
Ross Albert,21,32,11
Kevin Marschall,25,36,11
Richard Larry,22,33,11
Leonard Charles,24,35,11
Michael Lewis,22,33,11
Craig Allen,26,37,11
James Charles,21,32,11
Andres Antonio,24,35,11
Steven Absher,27,38,11
Lewis Dennison,129,140,11
Thomas Frank,24,35,11
Travis Lee,25,36,11
Joseph Charles,24,35,11
Cristian,21,32,11
Ricardo,23,34,11
Bryan Edmund,20,31,11
John Gabriel,21,32,11
William Charles,23,34,11
James Ray,22,33,11
Von Francis,23,34,11
Michael Vaughn,24,35,11
William Augustus,24,35,11
Lee Elmer,123,134,11
Christopher Deane,23,34,11
Daniel John,23,34,11
Dudley Michael,25,36,11
Nelson,26,37,11
Stephen John,24,35,11
Max John,124,135,11
Bibb August,121,132,11
John Jacob,20,31,11
James Alexander,121,132,11
Pedro Juan,26,37,11
Thomas John,23,34,11
James Sarkis,22,33,11
Samuel,21,32,11
Dock Phillip,23,34,11
James Thomas,123,134,11
Donald Ray,24,35,11
Elwood George,121,132,11
Henry Lee,24,35,11
D'Arcy Raymond,121,132,11
Keith Charles,25,36,11
Robert Roy,125,136,11
Emilio Antonio,31,42,11
Jose Miguel,20,31,11
Paul Eugene,23,34,11
Eugene Lewis,21,32,11
Brian Christopher,26,37,11
Robert Michael,125,136,11
Damaso Domingo,21,32,11
Philip Joseph,22,33,11
Charles Magnus,123,134,11
Clarence Edwin,23,34,11
Nathaniel Milton,128,138,10
Chad Edward,20,30,10
Henry Adrian,23,33,10
Leonard Gary,20,30,10
Santiago,24,34,10
Marvin,23,33,10
Franklin,25,35,10
Jeffrey William,23,33,10
Jason Andrew,27,37,10
Herman Louis,125,135,10
John Arthur,32,42,10
Gavin Christopher,21,31,10
Robert Douglas,24,34,10
Darnell Glenn,23,33,10
Frank William,120,130,10
Juan de Dios,21,31,10
Harold Bell,120,130,10
Juan Tyrone,25,35,10
Philip Sydney,20,30,10
Vincent Scott,22,32,10
Thomas Patrick,19,29,10
Cecil Edward,20,30,10
George Lemuel,129,139,10
Jeffrey Adam,24,34,10
Joseph Patton,120,130,10
Raul Antonio Bare,24,34,10
Pedro Julio,25,35,10
Alexander,21,31,10
Wilson Lloyd,122,132,10
Steven Michael,28,38,10
John A.,22,32,10
Edward Stephen,124,134,10
Ray Lyle,123,133,10
Leslie Harvey,124,134,10
Timothy Earl,22,32,10
Michael Thomas,22,32,10
John Howard,20,30,10
Thomas Carson,26,36,10
Dana,122,132,10
William McKinley,127,137,10
Harry Clayton,118,128,10
Terry Walter,23,33,10
Raymond James,123,133,10
Erik Brian,23,33,10
William Alfred,25,35,10
Frank Edward,22,32,10
Gilbert,30,40,10
Roy Allen,125,135,10
Jon Corey,22,32,10
Jeremy,25,35,10
Eric Andrew,24,34,10
Matthew Olson,26,36,10
Kip Lee,26,36,10
Franklin Thomas,126,136,10
Wayne Dale,24,34,10
William,23,33,10
Scott Alexander,24,34,10
Arvel Odell,123,133,10
Samuel Douglas,124,134,10
Michael Vela,25,35,10
Edward Leslie,122,132,10
Curtis,23,33,10
George Frederick,125,135,10
Daniel Peter,23,33,10
Todd Anthony,25,35,10
William Thomas,24,34,10
Donald Zachary,21,31,10
Michael Leroy,22,32,10
Romar Benjamin,21,31,10
Jay Jonathan,24,34,10
Richard Edward,24,34,10
Charles Peter,123,133,10
Justin William,22,32,10
Edward Paul,22,32,10
Clinton Daniel,26,36,10
Edgar Gerardo,20,30,10
Adrian Sabin,22,32,10
James Rick,24,34,10
Donald Charles,123,133,10
Frank Breyfogle,125,135,10
Anthony,19,29,10
David Adam,25,35,10
Arnold Barry,21,31,10
Alfred Voyle,124,134,10
Brandon Paul,21,31,10
Joseph Michael,21,31,10
Steven Michael,26,36,10
William Harmong,120,130,10
Michael Robert,25,35,10
Kenneth Francis,23,33,10
James Henry,23,33,10
Jason James,22,32,10
Chester Peter,125,135,10
Lerrin Harris,22,32,10
William Lorenz,123,133,10
Martin John,124,134,10
Randy Duane,23,33,10
Alonzo P.,22,32,10
Steven James,25,35,10
Michael Dennis,25,35,10
Scott Edward,20,30,10
Richard Martin,22,32,10
Michael Scott,25,35,10
Jeffrey Wayne,25,35,10
Arndt Ludwig,124,134,10
Percy Lee,121,131,10
Mack F.,23,33,10
Mark Landon,23,33,10
Orlando Thill,25,35,10
Clinton Merrick,20,30,10
Thomas Hubert,24,34,10
James Robert,21,31,10
Thomas Sylvester,26,36,10
Ryan James,25,35,10
Roy Lee,21,31,10
Geoffrey Scott,24,34,10
Darrell Dean,24,34,10
Robert Wallace,24,34,10
Damian Jacques,23,33,10
Maicer,24,34,10
Alvin Neill,24,34,10
Alfred Willis,25,35,10
Matthew Thomas,24,34,10
Michael James,24,34,10
Donald Harris,24,34,10
Kevin John,25,35,10
Robert Leigh,25,35,10
Charles Edward,27,37,10
Donald Albert,26,36,10
Richard Carleton,120,130,10
Carlos Alberto,23,33,10
Richard Douglas,28,38,10
Gilbert,26,36,10
Matthew Tyler,29,39,10
Joseph Thomas,25,35,10
Norman Michael,22,32,10
Ramon,27,37,10
Timothy Green,120,130,10
Walter John,127,137,10
Charles Bunn,119,129,10
Donald Henry,123,133,10
Robert Lowell,20,30,10
John Henry,20,30,10
Gregory Stuart,26,36,10
Andrew Joseph,122,132,10
Patrick Edward,25,35,10
Einar Antonio,24,34,10
Matthew Edward,25,35,10
Darren James,22,32,10
Phillip Brooks,122,132,10
Taylor Lee,122,132,10
Paul,123,133,10
Jacob Willard,124,134,10
Walton Edwin,124,134,10
Alvin Floyd,127,137,10
William Michael,18,28,10
Paul Douglas,26,36,10
Roy Bunyan,26,36,10
Omar Jesus,21,31,10
Nicholas Dominic,124,134,10
John Bruce,26,36,10
John Joseph,22,32,10
Raymond Leonard,22,32,10
Charles Raymond,125,135,10
Valerio Lorenzo,26,36,10
Joseph Paul,23,33,10
Jorge Alberto,23,33,10
Frank George,123,133,10
George Henry,22,32,10
Ronald Gene,23,33,10
Aaron Lane,23,33,10
Raymond Franklin,125,135,10
William Edward,124,134,10
Jose Ariel,32,42,10
Charles Keith,23,33,10
Bryan Scott,25,35,10
Samuel Newhall,26,36,10
James Otis,121,131,10
John Wesley,24,34,10
Clinton Dawson,24,34,10
James Anthony,127,137,10
Tharon Patrick,123,133,10
Nathan,20,30,10
John William,124,134,10
William H.,23,33,10
Antonio Jose,25,35,10
Roger Leandro,21,31,10
Spurgeon Ferdinand,130,140,10
Darrel Lee,21,31,10
Wilmer Dean,20,30,10
Elton P.,19,29,10
Jason Samuel,26,36,10
Larry Richard,20,30,10
Chalmer William,124,134,10
Ernest Carlos,25,35,10
Benjamin Caldwell,125,135,10
Shawn Anthony,29,39,10
Alejandro Eloy,127,137,10
William Francis,123,133,10
Andrew Arthur,21,31,10
George Washington,122,132,10
Jay Scott,22,32,10
James,24,34,10
John Robert,25,35,10
Robert Michael,24,34,10
Jason Alan,25,35,10
Kevin Stewart,24,34,10
Charles Roscoe,21,31,10
Jason Phillip,22,32,10
William Aloysius,123,133,10
Walter Anton,125,135,10
Derek Nathaniel,23,33,10
Heath Justin,27,37,10
Herman S.,127,137,10
Mark Christian,23,33,10
Jason Raymond,25,35,10
Jose Antonio,24,34,10
Frank Matt,22,32,10
Frederick Leonard,127,137,10
Joseph Stanley,128,138,10
Glenn Alfred,25,35,10
James Edward,24,34,10
James Anthony,22,32,10
Jackie Delane,24,34,10
Jon Michael,26,36,10
Terry Wayne,22,32,10
Erick R.,23,33,10
Michael Peter,25,35,10
Scott Phillip,22,32,10
Antonio,25,35,10
Leonard Eugene,23,33,10
Neil Patrick,21,31,10
Scott Barham,28,38,10
Frederick Steven,21,31,10
Danys G.,24,34,10
Luis Ignacio,25,35,10
Morris,126,136,10
Alejandro,25,35,10
James Douglas,23,33,10
John Augustus,122,132,10
Carson Lee,121,131,10
Damon Scott,24,34,10
Sean Robert,24,34,10
Dale Anthony,21,31,10
Rafael Jose,28,38,10
Robert Henry,124,134,10
Harold Matthew,122,132,10
Frank Stephen,124,134,10
Michael Roy,24,34,10
Francis Raymond,126,136,10
Andres Eloy,20,30,10
John Edwin,22,32,10
Stephen Robert,22,32,10
Kenneth George,21,31,10
Daryl Lamont,21,31,10
Richard Allen,22,32,10
Christopher Louis,23,33,10
Toby Shawn,25,35,10
Edward John,126,136,10
Samuel Arthur,120,130,10
Thomas Henry,18,28,10
Jeremy Allen,21,31,10
Ricardo Ricky,22,32,10
William Clifton,124,134,10
Isaac Morgan,125,135,10
Christopher Brandon,25,35,10
Charles William,22,32,10
Robert Richard,32,42,10
Darren William,25,35,10
Cornelius Joseph,118,128,10
Edward Arthur,123,133,10
Garland Maires,121,131,10
Johnathan Richard,24,34,10
Charles G.,21,31,10
Steven Bernard,24,34,10
Sean Richard,22,32,10
Robert James,120,130,10
Edward Robert,24,34,10
Sean Patrick,22,32,10
Jolbert Alexis,26,36,10
John William,22,32,10
Robert Matthew,123,133,10
Eric James,24,34,10
Albert Henry,121,131,10
Everett Lamar,24,34,10
Scott David,25,35,10
Michael Scott,25,35,10
John Franklin,127,137,10
Hollis John,124,134,10
Gary Montez,23,33,10
Jason Dolph,22,32,10
John Carl,24,34,10
Matthew J.,28,38,10
Robert Randall,24,34,10
Ryan Orlando,25,35,10
Otoniel,23,33,10
John William,25,35,10
Elam Russell,123,133,10
Harold Harris,129,139,10
Ellis Clarence,21,31,10
Robert John,19,29,10
Ugueth Urtain,21,31,10
Thomas Gerald,21,31,10
Willie Clay,21,31,10
Melvin Emanuel,20,30,10
Daryle Lamar,23,33,10
James Charles,123,133,10
Harold Burton,127,137,10
U. L.,24,34,10
Alfred John,123,133,10
Jacob Fields,124,134,10
Osvaldo Jose,24,34,10
Luis,25,35,10
Matthew Lovick,24,34,10
James Roy,119,129,10
Oscar,21,31,10
Max Edward,122,132,10
David Lee,24,34,10
Mark Anthony,24,34,10
William Edward,23,33,10
John Paul,24,34,10
John Vernon,120,130,10
John Clifford,124,134,10
William Arthur,124,134,10
James Edward,124,134,10
William Christopher,19,29,10
George Bostic,122,132,10
Robert Daniel,24,34,10
Curtis Vernon,22,32,10
Richard David,24,34,10
Gerald Duane,24,34,10
Joshua David,25,35,10
Trevor Kirk,22,32,10
Walter Robert,25,35,10
Lawton Walter,121,131,10
William Van Winkle,20,30,10
Harry Meiggs,123,133,10
Jason William,29,39,10
Matthew John,25,35,10
Curtis Allen,23,33,10
Ernest Wesley,25,35,10
Christopher Ryan,25,35,10
David Allen,22,32,10
Jaret Samuel,22,32,10
Esteban Luis,21,31,10
Walter Henry,124,134,10
Ewell Albert,124,134,10
Allen,122,132,10
Aaron Ryan,24,34,10
James Ivan,20,30,10
Michael James,23,33,10
Robert Victor,24,34,10
Lenn Haruki,23,33,10
Robert Guy,25,35,10
Paul,21,31,10
Duane B.,23,33,10
Grady,22,32,10
Eric Vaughn,25,35,10
Thomas Michael,22,32,10
Robert John,24,34,10
Danny Todd,26,36,10
Earl Homer,128,138,10
John T.,23,33,10
Lawrence,23,33,10
Patrick Arthur,24,34,10
Robert Charles,23,33,10
Peter Alan,22,32,10
George Warren,29,39,10
Fred William,126,136,10
Scott Daniel,24,34,10
Ira Robert,123,133,10
George Elwell,24,34,10
Edward Nelson,24,34,10
Jack Russell,22,32,10
Garland,124,134,10
Michael Lynn,23,33,10
Donald Joseph,21,31,10
Michael Thomas,23,33,10
Dennis,25,35,10
Randy Anthony,24,34,10
John Hardin,23,33,10
James Franklin,24,34,10
Renaldo Antonio,20,30,10
Paul Anthony,24,34,10
Joseph John,22,32,10
Joseph Andrew,25,35,10
Stephen Richard,126,136,10
Homer Wayne,122,132,10
John Junior,28,38,10
August Richard,124,134,10
Franklin Leal,23,33,10
Michael Joseph,23,33,10
John Elmer,21,31,10
Kurt Andrew,21,31,10
Melvin Leon,23,33,10
Steven Michael,24,34,10
Darragh Dean,23,33,10
John Thomas,123,133,10
Joseph Valentine,125,135,10
George Bevan,24,34,10
Edward Kenneth,23,33,10
Henry Bennett,123,133,10
Daniel Turney,126,136,10
Nicholas Thomas,24,34,10
Charles Walter,24,34,10
Ronald Wesley,25,35,10
Timothy Shawn,25,35,10
Roy Justin,24,34,10
Bradley Richard,24,34,10
Elliott,23,33,10
Cornelius Alexander,24,34,10
Lee Roy,122,132,10
Matthew Bruce,22,32,10
Felix,22,32,10
Jeffrey Paul,26,36,10
Fred Eloy,20,30,10
Michael Allen,21,31,10
William Earl,124,134,10
Jerry Lindsey,25,35,10
Orlando,21,31,10
Thomas Edgar,27,37,10
Roger Leroy,27,37,10
Darrell Kevin,23,33,10
Joseph Patrick,21,31,10
James Joseph,27,37,10
Bradley Thomas,26,36,10
Mark David,22,32,10
Mark Alan,23,33,10
Denver Clayton,23,33,10
Manuel Lora,20,30,10
DeWitt Wiley,123,133,10
Felipe,21,31,10
Albert Anthony,22,32,10
Paul Anthony,26,36,10
Robert Dean,125,135,10
William Leroy,121,131,10
Graeme John,26,36,10
Robert Awtry,27,37,10
Stephen Lee,22,32,10
Shane A.,23,33,10
Andrew Joseph,25,35,10
Lynn Everett,22,32,10
Scott Michael,26,36,10
William Henry,22,32,10
Arnold Ray,24,34,10
Roger Henry,23,33,10
James Joseph,22,32,10
Robert William,124,134,10
Jason Drew,25,35,10
James Jason,25,35,10
George Francis,24,34,10
Russell Loren,23,33,10
Michael Joseph,122,132,10
Gerald Braheen,19,29,10
John William,25,35,10
Charles Edward,25,35,10
John Dewey,125,135,10
Guy,121,131,10
William Richard,25,35,10
Harry Richard,125,135,10
Michael Robert,24,34,10
Balor Lilbon,19,29,10
D C,122,132,10
Randolph Edward,121,131,10
Wilmer David,22,32,10
William,120,130,10
Chad Edward,25,35,10
David John,24,34,10
Yadier Benjamin,22,32,10
William Charles,22,32,10
Aurelio Faustino,20,30,10
Albert Joseph,123,133,10
Lawrence William,23,33,10
Damian Donald,28,38,10
Charles Bradley,21,31,10
Elmer,122,132,10
Frank Lee,127,137,10
Eduardo Rafael,27,37,10
Odalis Amadol,20,30,10
Herbert Edward,25,35,10
Lance Telford,26,36,10
Donn Steven,26,36,10
Frank Walter,119,129,10
Craig Harold,24,34,10
John Henry,23,33,10
Jeffrey Dale,25,35,10
Leroy Earl,122,132,10
Antonio Pedro,22,32,10
Robert Dennis,21,31,10
Christopher John,22,32,10
Laynce Michael,23,33,10
Matthew Dodge,22,32,10
Gary Lynn,19,29,10
Milciades Arturo,20,30,10
William Alex,23,33,10
Irving Arnold,26,36,10
Patrick Francis,129,139,10
Tomokazu,23,33,10
Robert Carl,25,35,10
Troy Franklin,24,34,10
Octavio Augie,26,36,10
Robert Lee,22,32,10
Eugene George,24,34,10
Dioner Favian,20,30,10
Lynn Bernard,125,135,10
Thomas Joseph,125,135,10
Samuel Ralph,123,133,10
Daniel Francis,18,28,10
Robert Albert,25,35,10
Thurman Lee,22,32,10
Donald Rex,21,31,10
Jody Eric,25,35,10
Daniel,21,31,10
Harry Francis,122,132,10
Frederic Carl,21,31,10
Kenneth John,21,31,10
Clifford Nolen,126,136,10
John H.,20,30,10
John Dungan,123,133,10
Elmer Ray,125,135,10
Alexis Israel,23,33,10
Michael Rene,25,35,10
Rene,21,31,10
Henry Anderson,25,35,10
Kenneth Andre Ian,23,33,10
William H.,23,33,10
Leon Kauffman,23,33,10
David Wayne,21,31,10
Davis Aydelotte,123,133,10
Michael Dwaine,23,33,10
Hipolito Antonio,23,33,10
Mark Joseph,26,36,10
Fred Ingles,24,34,10
John Phillip,24,34,10
Gary George,24,34,10
Kenneth Allen,26,36,10
Horacio,23,33,10
William Francis,21,31,10
James Richard,24,34,10
Ryan Neil,23,33,10
Douglas Lee,23,33,10
Guillermo Antonio,23,33,10
Chad Michael,26,36,10
James Willard,23,33,10
Gregory Russell,27,37,10
Juan Carlos,23,33,10
William Thomas,22,32,10
Joseph Walter,24,34,10
Hubert Shelby,122,132,10
Robert Simpson,23,32,9
Omar,24,33,9
Luis Raul,21,30,9
David Martin,23,32,9
Raymond Allen,128,137,9
Milton,20,29,9
Hanley,22,31,9
Thomas Arthur,22,31,9
Biff Benedict,22,31,9
Norman William,125,134,9
George Burton,25,34,9
Ralph Arthur,123,132,9
John Melvin,27,36,9
Jesse Lee,127,136,9
William Benton,121,130,9
David Ray,27,36,9
Charles Culbertson,123,132,9
Wandy Fulton,26,35,9
Kevin D.,24,33,9
Manuel Joseph,31,40,9
Melvin Earl,20,29,9
Joseph Rodger,24,33,9
Juan Manuel,22,31,9
Wesley Branch,124,133,9
James Rodney,21,30,9
Gerald Peter,23,32,9
George Anthony,129,138,9
Arthur Conrad,120,129,9
Christopher Robert,26,35,9
Tommie D.,22,31,9
William Pearl,21,30,9
Carlos Alberto,25,34,9
Jerry Maxwell,26,35,9
Richard Benjamin,23,32,9
Mark Allen,25,34,9
Patrick Leland,25,34,9
Paul Hawthorne,19,28,9
Douglas James,24,33,9
James Francis,21,30,9
John Cornelius,24,33,9
Eric Walter,23,32,9
Skelton Leroy,123,132,9
Anthony Joseph,22,31,9
George Edward,124,133,9
Melvin Frederick,24,33,9
Joseph George,27,36,9
David Earl,24,33,9
David Matthew,26,35,9
Roger Eugene,23,32,9
Robert Allen,24,33,9
Eustace James,123,132,9
Rainer Gustavo,22,31,9
Nelson Augusto,20,29,9
Juan Carlos,23,32,9
Donald Edward,24,33,9
Hugh N.,23,32,9
Thomas Edward,22,31,9
James Jerome,21,30,9
Keith Richard,28,37,9
James Edward,25,34,9
Luis Javier,22,31,9
Filomeno Coronada,21,30,9
Jose Miguel,23,32,9
Jonathan Robert,25,34,9
Marvin James,125,134,9
John Lewis,21,30,9
William Dayton,121,130,9
Martin Roman,23,32,9
Joel,29,38,9
Brayan Eduardo,23,32,9
Wily Modesto,20,29,9
James Edward,29,38,9
Daniel Anthony,24,33,9
Eugene Edward,120,129,9
Isaac Overton,122,131,9
Montgomery Marcellus,124,133,9
Barney,123,132,9
Laurence H.,122,131,9
Robert Gerald,18,27,9
John,23,32,9
Norman Calvin,19,28,9
Walter,126,135,9
Isidro Pedroza,24,33,9
Robert Edward,26,35,9
Richard,24,33,9
Blas,122,131,9
Joseph Douglas,19,28,9
Daniel Edward,122,131,9
Albert Roy,125,134,9
Stephen Bernard,26,35,9
Robert Ralph,20,29,9
Walter Edward,123,132,9
Michael John,23,32,9
Julio Alberto,24,33,9
Gerald Edward,28,37,9
Dennis Dale,19,28,9
Nathan Richard,24,33,9
Douglas Lawrence,125,134,9
Glenn Richard,123,132,9
Alvin Hugh,123,132,9
Brian Wesley,23,32,9
Eugene Richard,28,37,9
Lambert Daniel,122,131,9
Hensley Filemon Acasio,22,31,9
William Edwin,23,32,9
Robert Paul,24,33,9
Roman,25,34,9
Michael William,120,129,9
Ramiro,24,33,9
Jose Miguel,23,32,9
Alvin O'Neal,23,32,9
Brian Michael,21,30,9
Brandon Patrick,22,31,9
Harry Elwood,123,132,9
James,22,31,9
Darnell Tyrone,26,35,9
Oddibe,23,32,9
Gilbert James,23,32,9
Dustin Michael,23,32,9
Thomas Joseph,22,31,9
Henry T.,23,32,9
John,119,128,9
Barry Stephen,26,35,9
John H.,24,33,9
Lawrence Donald,25,34,9
Kameron David,23,32,9
Keith Virgil,30,39,9
Marcelino Pons,20,29,9
William P.,124,133,9
Ricardo Alberto,25,34,9
Donald Edward,23,32,9
Kenneth Karl,24,33,9
Henry Edward,122,131,9
James Edgar,123,132,9
Andrew Jackson,25,34,9
Scott Thomas,25,34,9
Thaddeus Stanley,23,32,9
Samuel Andrew,124,133,9
Alan Brian,28,37,9
Jesse,24,33,9
Cory Fulton,25,34,9
Robert Perry,28,37,9
Francisco Casillas,22,31,9
Mark Alan,20,29,9
Carlos,20,29,9
Derrick Brant,22,31,9
Jerry Lee,21,30,9
Hideki,29,38,9
Jeffrey Stephen,22,31,9
Teodoro Noel,23,32,9
Angel Sandy,25,34,9
Elieser,24,33,9
Andy Manuel,22,31,9
Clifford Monroe,121,130,9
Perce Leigh,126,135,9
George John,121,130,9
Frederick Edward,123,132,9
Joseph David,23,32,9
John Kevin,23,32,9
Paul Gurner,23,32,9
Michael James,25,34,9
Max Cullen,123,132,9
Raymond James,122,131,9
Luther Baxter,122,131,9
Chester David,124,133,9
Ira Felix,125,134,9
Marcus Markley,25,34,9
Amaury,22,31,9
James Reubin,122,131,9
Lee Ford,123,132,9
Brian Curtis,25,34,9
Anthony Giacinto,23,32,9
Huston Lowell,22,31,9
Joseph Douglas,25,34,9
Ulysses Simpson Grant,123,132,9
Samuel Lee,24,33,9
Christopher Desmond,22,31,9
Thomas Virgil,25,34,9
William Scott,24,33,9
Heath,25,34,9
Charles William,23,32,9
Harry Thomas,127,136,9
Harold Wayne,25,34,9
Harold Raymond,25,34,9
Mark Edward,24,33,9
Eddie,22,31,9
Victor Garland,127,136,9
Julius Joseph,128,137,9
Eric Thane,23,32,9
Christopher Ryan,23,32,9
Jacob Charles,23,32,9
John Herman,23,32,9
Arnold John,122,131,9
Timothy James,23,32,9
Daniel Eckford,19,28,9
James Joseph,22,31,9
Larry Floyd,23,32,9
Albert Lee,25,34,9
Stanley Orville,125,134,9
Geovany,22,31,9
Steven William,30,39,9
Raymond Mark,26,35,9
Richard Jay,22,31,9
John Clement,127,136,9
Joseph Charles,121,130,9
Jared Michael,25,34,9
Ferdinand Maurice,122,131,9
Henry George,121,130,9
Walter Joseph,129,138,9
Richard Alan,23,32,9
Robert Scot,26,35,9
Larry Kent,25,34,9
William Ross,23,32,9
Charles Henry,123,132,9
John Joseph,120,129,9
Douglas Randall,25,34,9
Michael Howard,23,32,9
Randall Carlito,22,31,9
Theodore Edmund,25,34,9
Julio Franklin,24,33,9
Ervin Ramon,23,32,9
Thomas Victor Nicholas,21,30,9
Joseph Francis,24,33,9
Donnie Lamont,23,32,9
Frederick Philip,25,34,9
Richard John,23,32,9
John Anthony,24,33,9
Melquiades,24,33,9
Oscar Frederick Louis,123,132,9
David,22,31,9
Goodwin George,125,134,9
Lawrence John,126,135,9
Carvel William,123,132,9
David Scott,21,30,9
Gary Douglas,21,30,9
Lee Ravon,121,130,9
John William,23,32,9
George Napoleon,123,132,9
Clyde,25,34,9
Kevin Edmund,25,34,9
Alvis,24,33,9
Gary Lee,22,31,9
Albert Owen,129,138,9
Charles Lawrence,126,135,9
Nicholas Joseph,125,134,9
Frank Hoxie,123,132,9
Christopher John,25,34,9
Preston James Richard,24,33,9
Robert James,22,31,9
Joshua Aaron,24,33,9
Paul Anthony,23,32,9
Absalom Holbrook,121,130,9
Brian O'Neal,22,31,9
Robert Edgar,122,131,9
David Clifford,25,34,9
Patrick Paul,24,33,9
Ralph Stuart,125,134,9
Royce Middlebrook,120,129,9
Ryan Wallace,21,30,9
Edward James,23,32,9
Paul,24,33,9
Eddie Dean,25,34,9
David Floyd,21,30,9
David Thomas,24,33,9
Albert John,24,33,9
Curtis Benton,22,31,9
James Evans,24,33,9
William Henry,23,32,9
Dustin Eli,26,35,9
Thomas Peter,23,32,9
James Luke,22,31,9
William Henry,124,133,9
David Paul,24,33,9
Adam Parrish,24,33,9
Oscar Joseph,122,131,9
Edinson,22,31,9
Jerome O'Terrell,24,33,9
Murray Wesley,24,33,9
Ray Clark,23,32,9
John David,27,36,9
Roy Duane,22,31,9
Frederick John Rodney,20,29,9
Jose Altagracia,25,34,9
Cecil Lee,24,33,9
Sergio Sanchez,22,31,9
Fred Lee,24,33,9
Michael Lewis,24,33,9
James Alexander,23,32,9
Michael Ray,22,31,9
Wayne Lee,22,31,9
John Webber,20,29,9
Jason Matthew,22,31,9
Justin Brooks,22,31,9
David Scott,28,37,9
John,123,132,9
Maynard Faye,21,30,9
Justin Willard,23,32,9
Lafayette Fresco,123,132,9
Joseph William,23,32,9
Freddie Lee,23,32,9
Jimmy Wayne,26,35,9
Christopher James,26,35,9
William Edward,22,31,9
Jeffrey Allen,23,32,9
Rosendo,23,32,9
Hector Epitacio,23,32,9
Andrew Michael,27,36,9
Chad Austin,24,33,9
James Patrick,25,34,9
Rico Joseph,22,31,9
James Benson,119,128,9
Gregory Allen,25,34,9
Craig Andrew,25,34,9
James Leo,20,29,9
Jonathan Roy,21,30,9
James Roberson,127,136,9
Jerome Austin,20,29,9
Dermal Bram,20,29,9
Adrian Demond,23,32,9
Melky,21,30,9
Leon Joseph,124,133,9
Maurice Lennon,121,130,9
David Thomas,25,34,9
Albert Maxwell,126,135,9
James Eugene,30,39,9
Don Alvin,26,35,9
Jeffery Glenn,25,34,9
Micah Andrew,25,34,9
Blaine Thomas,24,33,9
Dennis Ray,23,32,9
Daniel Hugh,27,36,9
William Gordon,23,32,9
Ernest Edward,127,136,9
Robert Barry,24,33,9
James Cyril,18,27,9
David Richard,22,31,9
Kent Dennis,24,33,9
Wade Allen,20,29,9
Joseph Matthew,24,33,9
Timothy P.,22,31,9
Travis Jarred,22,31,9
David,121,130,9
Ronald Mark,21,30,9
Bruce Douglas,23,32,9
Brian Edward,26,35,9
Thomas Winton,21,30,9
Harold Joseph,22,31,9
Pierino Peter,18,27,9
Dann James,24,33,9
Michael Lawrence,25,34,9
Antonio Jose,21,30,9
Luis Antonio,22,31,9
Nathan Hardy,124,133,9
Alfredo,24,33,9
David Carter,23,32,9
John Frederick,124,133,9
James Charles Jacob,122,131,9
Philip Cory,22,31,9
Gerald Lee,23,32,9
Elden LeRoy,123,132,9
Gerald William,20,29,9
Harry,20,29,9
Andrew Neal,25,34,9
Cory Jerome,22,31,9
Richard Louis,29,38,9
Luis Cesar,19,28,9
Luis,21,30,9
Tommie Lee,23,32,9
David Allan,23,32,9
John Bertram,119,128,9
James Justin,25,34,9
Jose Joaquin,24,33,9
Charles David,21,30,9
Bernard Oliver,125,134,9
John Chambers,121,130,9
Martin Glenn,24,33,9
William Joseph,121,130,9
Virgil Jennings,122,131,9
Robert Wilbur,24,33,9
John Alvin,23,32,9
William Presley,129,138,9
Jack Edward,25,34,9
Jeffrey Glen,24,33,9
Kirtley,21,30,9
Timothy Scott,24,33,9
Michael Scott,23,32,9
Joshua David,24,33,9
Eros Bolivar,121,130,9
Paulino,24,33,9
Robert Lee,20,29,9
Joseph Felix,122,131,9
Owen Thomas,123,132,9
Donald Wayne,24,33,9
Mark Steven,24,33,9
Alfonso,24,33,9
Daniel,26,35,9
Rick Lamar,23,32,9
Michael Thomas,23,32,9
Robinson Jose,23,32,9
Nick Lee,24,33,9
Douglas Joseph,24,33,9
Matthew Thomas,21,30,9
Ivan,22,31,9
Gino Nicholas,27,36,9
Charles Vincent,25,34,9
Shin-Soo,23,32,9
Thomas Edgar,23,32,9
Ronny Alexander,22,31,9
Monte Carmelo,24,33,9
William Radhames,22,31,9
Bryan Donald,25,34,9
Ronald Bruce,23,32,9
Terry Lee,28,37,9
Thomas Aloysius,121,130,9
Mark Willard,23,32,9
Horace Meredith,25,34,9
Andrew James,120,129,9
Eugene Anthony,24,33,9
John P.,24,33,9
James William,23,32,9
John Francis,122,131,9
Jimmie Goodwin,22,31,9
Jesus,24,33,9
Adam Anthony,121,130,9
Billy Rolland,25,34,9
Larry Eugene,26,35,9
Edward Nicholas,22,31,9
Jesse Alan,23,32,9
John Stewart,25,34,9
Patrick,23,32,9
Henry,23,32,9
William Angelo,19,28,9
William Gordon,120,129,9
Timothy James,18,27,9
Timothy Michael,24,33,9
Michael Dwayne,21,30,9
Bryshear Bennett,20,29,9
Glenn Earle,23,32,9
Jody Richard,25,34,9
Harry,122,131,9
Richard Fremont,24,33,9
Charles Albert,121,130,9
Paul Dee,122,131,9
Michel Dwain,27,36,9
Steven Michael,25,34,9
Miguel Angel,22,31,9
Richard Anthony,26,35,9
Roy Joseph,125,134,9
James L.,123,132,9
Chad David,24,33,9
Leavitt Leo,23,32,9
John Francis,22,31,9
Charles John,24,33,9
Joseph,22,31,9
George Daniel,31,40,9
Julio Louis,23,32,9
Jacob,23,32,9
Nelson Ramon,25,34,9
Hector Louis,20,29,9
Carlton William,121,130,9
David Mark,26,35,9
Adam Thomas,23,32,9
Leon,23,32,9
Ryan Matthew,24,33,9
Frank Thomas,24,33,9
Louis Baird,122,131,9
Zachary Thomas,22,31,9
Justin Craig,24,33,9
John Oscar,126,135,9
Robert Eugene,23,32,9
Christopher Anthony,25,34,9
Arthur McArthur,125,134,9
Albert E.,127,136,9
Charles Thomas,22,31,9
Thomas J.,24,33,9
Vincent Paul,125,134,9
Patrick Henry,126,135,9
John Robert,22,31,9
Brian Richard,26,35,9
John Augustus,121,130,9
Francis Xavier,23,32,9
Michael Alan,26,35,9
Mark Allan,28,37,9
Claude Raymond,122,131,9
Orlando P.,33,42,9
Francis Xavier,24,33,9
Felix,21,30,9
Frank John,119,128,9
Felix Abraham,19,28,9
Elmer Ralph,124,133,9
Richard Joseph,25,34,9
Richard,20,29,9
Teodoro Valenzuela,28,37,9
Oral Clyde,124,133,9
Aaron Walter,23,32,9
Donald Earl,23,32,9
Paul Chester,25,34,9
James Wear,22,31,9
Edward William,127,136,9
Aaron Keith,23,32,9
Christopher Allen,24,33,9
Fred,125,134,9
Glenn Edward,22,31,9
Guy Alan,23,32,9
Dane Charles,27,36,9
Garth Ray,24,33,9
Ronnie Damien,22,31,9
Roy Lee,23,32,9
Ransom Joseph,24,33,9
Robert Harvey,20,29,9
John Emil,26,35,9
Sigmund,127,136,9
Donald Chris,24,33,9
Daniel Ryan,26,35,9
Ernest Thorwald,26,35,9
Trenidad Aviel,30,39,9
James Phillip,22,31,9
Peter James,23,32,9
Brian Raynold,23,32,9
Brian Lee,23,32,9
Robert Hamilton,125,134,9
John Wilson,124,133,9
Louis Brown,26,35,9
Kelly Andrew,23,32,9
Jerry Michael,25,34,9
John Henry,22,31,9
Roy Cleveland,126,135,9
Wallace Darnell,25,34,9
John William,122,131,9
Jacque Dewayne,24,33,9
Robert Joseph,23,32,9
Christopher Carlos,26,35,9
Randall Leo,23,32,9
Timothy Joseph,122,131,9
Walter Franklin,124,133,9
Alexis William,122,131,9
Scott Andrew,27,36,9
Raymond Keith,25,34,9
Wade,122,131,9
Gerald Donald,21,30,9
Matthew Lon,22,31,9
Jeffrey Scott,24,33,9
Logan French,22,31,9
Junior Raymond,24,33,9
Leo Patrick,22,31,9
Edward Michael,25,34,9
Howard Victor,119,128,9
Thomas Henry,20,29,9
Russell Paul,24,33,9
Joseph Charles,25,34,9
Robert Harold,130,139,9
Ronald Dale,24,33,9
William Hart,122,131,9
John Martin,25,34,9
Theodore Rodger,25,34,9
Marc Jason,22,31,9
Howard Wilbur,121,130,9
Joseph Victor Lawrence,122,131,9
Remy Peter,131,140,9
Calvin Lee,22,31,9
Gary Alan,20,29,9
Casey John,21,30,9
Andrew John,24,33,9
Frank Joseph,24,33,9
William J.,25,34,9
Donald Leroy,21,30,9
Richard Max,24,33,9
Frederick,126,135,9
George Warren,23,32,9
Henry E.,24,33,9
Harold Clifton,22,31,9
Geremis Segundo,22,31,9
Fredrick Ernest,19,28,9
John Gary,23,32,9
John Day,23,32,9
Esteban,24,33,9
Gustave,120,129,9
Jerry Dean,24,33,9
John Wesley,122,131,9
Brian Jeffrey,21,30,9
Tobias Charles,26,35,9
Arthur Carle,125,134,9
Thomas Alan,22,31,9
Nicholas Anthony,26,35,9
Mark Andrew,21,30,9
Samuel David,127,136,9
James W.,22,31,9
Joseph Milton,23,32,9
Alexander Peter,28,37,9
Julio Enrique,21,30,9
Joseph LaVerne,124,133,9
Marvin Mardo,125,134,9
Ival Richard,127,136,9
Thomas Stephen,23,32,9
Tom Edward,21,30,9
Kenneth Lee,22,31,9
Johns Joseph,24,33,9
Kelly Wayne,22,31,9
Orval Leroy,121,130,9
Robert,125,134,9
Joseph Brook,21,30,9
Christopher Karlton,23,32,9
Jose Alberto,22,31,9
Freddy Antonio,23,32,9
Juan Andres,25,34,9
Reginald Allen,22,31,9
Charles A.,23,32,9
Jimmy Wayne,23,32,9
Melton Andrew,22,31,9
Bradley Bonte,25,34,9
James John,22,31,9
William Albert,20,29,9
James Jerry,23,32,9
Carroll William,25,34,9
Brendan Michael,24,33,9
David Stanley,125,134,9
Michael Anthony,22,31,9
Robert Green,122,131,9
Prince Semien,21,30,9
George Aloys,124,133,9
Michael Roy,23,32,9
Alan James,23,32,9
Peter,22,31,9
Brian Thomas,21,30,9
John Edward,25,34,9
Michael Otis,24,33,9
Scott Wynne,22,31,9
Robert Charles John,24,33,9
Felix Jose,24,33,9
Nicholas Raymond Thomas,125,134,9
Dana James,22,31,9
Roy,123,132,9
Joseph J.,21,30,9
Edwin Elpidio,22,31,9
Jon Lewis,27,36,9
Barry Clifton,21,30,9
William Brown,20,29,9
Brook Alexander,25,34,9
Alan Benton,21,30,9
William Patrick,22,31,9
Terry Jon,22,31,9
Jeffrey Braden,21,30,9
Roger Vernon,24,33,9
George Allen,24,33,9
Jeffrey Dustin,26,35,9
Todd Gerard,25,34,9
Arthur Henry,123,132,9
Daniel Vincent,21,30,9
Carlos Jesus,23,32,9
Clarence Edward,123,132,9
Arnold,122,131,9
Eric Serge,23,32,9
Scott William,21,30,9
Ronald Wayne,22,31,9
Michael Douglas,20,29,9
Franklin Washington,20,29,9
William Frederick,27,36,9
Gustavo Karim,20,29,9
Alfonso Rafael,23,32,9
Alexander Nathaniel,127,136,9
James Edward,23,32,9
Joseph Edward,125,133,8
Matthew Scott,23,31,8
Marcus Wayne,23,31,8
Richard Frank,21,29,8
Gil Gonzalo,23,31,8
Frank Edward,121,129,8
William Benjamin,21,29,8
Charles Philip,127,135,8
Melvin Allys,121,129,8
David Thomas,27,35,8
George Walter,27,35,8
Jesus Maria,25,33,8
Ryan Paul,25,33,8
Kevin Vincent,24,32,8
Matthew Neil,26,34,8
Victor Patrick,127,135,8
Kevin Christopher,24,32,8
Casey Paul,23,31,8
George Bennerd,23,31,8
Andrew Junipero,25,33,8
Joshua Smith,25,33,8
Randy Alan,27,35,8
Joseph William,119,127,8
Ralph David,25,33,8
Morgan Paul,25,33,8
Randy Lee,21,29,8
Charles Willard,124,132,8
Henry Hack,119,127,8
Richard Joseph,124,132,8
Howard Rodney,26,34,8
Andre Everett,24,32,8
John,20,28,8
Jorge,24,32,8
Robert M.,22,30,8
Charles H.,23,31,8
Michael Peter,23,31,8
Eric George Adolph,122,130,8
Alfred John,24,32,8
Louis Henry William,130,138,8
Albert Samuel,127,135,8
Ryan Robert,21,29,8
William Alvan,22,30,8
George Decatur,123,131,8
William Peter,24,32,8
William Charles,26,34,8
Kenneth Smith,22,30,8
James Richard,22,30,8
John Joseph,26,34,8
John J.,21,29,8
Bradley David,22,30,8
Fred James,25,33,8
Shigetoshi,29,37,8
Victor Lanier,22,30,8
William Jennings Bryan,123,131,8
Bryan Stanley,24,32,8
Paul Franklin,23,31,8
Anthony Keith,24,32,8
Emil Karl,123,131,8
Franklin Rafael,22,30,8
Addison Courtney,21,29,8
Bradley Lee,22,30,8
Donald Edward,19,27,8
Cecilio,22,30,8
Wilton,22,30,8
David Edward,25,33,8
Robert Wade,26,34,8
Jason Aaron,24,32,8
Toby Jason,25,33,8
Colbert Michael,23,31,8
Walter William,25,33,8
John Thadeuz,26,34,8
Jack Price,126,134,8
Albert,23,31,8
Robert Earl,122,130,8
John William,25,33,8
George Addison,120,128,8
Wayne Allan,24,32,8
William Fitter,25,33,8
Ira Thomas,22,30,8
Willie Louis,21,29,8
Benjamin,21,29,8
William Tolan,19,27,8
Thurman Clyde,25,33,8
Robert Anton,24,32,8
Oscar Ray,123,131,8
Frank Patrick,119,127,8
Carden Edison,123,131,8
William Oliver,125,133,8
Paul Marshall,28,36,8
Charles H.,20,28,8
Henry Homer,123,131,8
Benjamin Raymond,124,132,8
Joseph Charles,124,132,8
Douglas Metunwa,26,34,8
Matthew Shane,23,31,8
John Walker,124,132,8
Michael Thomas,25,33,8
Alfred Allen,26,34,8
Frederick Walter,22,30,8
Timothy Jon,23,31,8
Thomas James,26,34,8
Rudy Karl,22,30,8
Charles William,24,32,8
Terry Lee,26,34,8
Richard Anthony,26,34,8
Jeffrey William,22,30,8
George John,123,131,8
Emil Benedict,125,133,8
Arthur William,25,33,8
Ralph Pierre,20,28,8
Michael Russell,22,30,8
Cordel Leonard,25,33,8
Kevin,25,33,8
Brad Lynn,22,30,8
John Francis,24,32,8
Arthur Theodore,126,134,8
Anthony Christopher,22,30,8
Elmer Ellsworth,124,132,8
John Wesley,120,128,8
Robert Frank,26,34,8
Mark Richard,25,33,8
Daniel Lee,24,32,8
James,28,36,8
Judson Fabian,122,130,8
Willie Charles,24,32,8
Ian Michael,24,32,8
Edward Lloyd,123,131,8
Howard Joseph,23,31,8
Patrick Franklin,24,32,8
William Henry,122,130,8
Benjamin Michael,122,130,8
Robert Henry,23,31,8
Matthew Ryan,22,30,8
Byung-Hyun,20,28,8
Michael Brooks,24,32,8
Jorge Dandys,22,30,8
Jeffrey Daniel,20,28,8
Jeffrey Patrick,25,33,8
Adrian,122,130,8
William Michael,23,31,8
Claude Alfred,124,132,8
Thomas,128,136,8
Paul Scott,23,31,8
James Dalton,21,29,8
Adam La Marque,21,29,8
Robert Walter,128,136,8
William Russell,24,32,8
James Robert,23,31,8
Lamar,24,32,8
Joshua Michael,21,29,8
Cecil Carlton,125,133,8
Mark Lawrence,25,33,8
Robert William,27,35,8
Bernard Herman,126,134,8
John William,123,131,8
Terryal Gene,22,30,8
Stephen Michael,22,30,8
Samuel Lee,24,32,8
David Wayne,24,32,8
Robert Dale,26,34,8
William F.,-77,-69,8
Clair Barth,19,27,8
Ubaldo,22,30,8
Cesar Enrique,22,30,8
D'Angelo,22,30,8
Jason Ryan,23,31,8
Forrest Docenus,124,132,8
Jesse Harrison,24,32,8
Reginald Jirod,23,31,8
Robert Casey,25,33,8
William Henry,124,132,8
Christopher Domenic,23,31,8
Vincent Edward,24,32,8
Travis Takashi,23,31,8
Daniel John,123,131,8
Carter Bradley,122,130,8
Frederick William,20,28,8
Damon Jamall,24,32,8
Kenneth Eugene,125,133,8
Roscoe Albert,123,131,8
William James,21,29,8
James William,24,32,8
Richard Jose,22,30,8
Jack E.,22,30,8
Philip Farrell,24,32,8
Shawn Richard,23,31,8
Richard Michael,24,32,8
Urban John,120,128,8
Jacinto,25,33,8
John Park,121,129,8
Sean Michael,24,32,8
Ronald Samuel,25,33,8
George,130,138,8
Henry Hartz,125,133,8
Jack Seale,20,28,8
Aaron Michael,25,33,8
Guy Jackson,26,34,8
John David,23,31,8
Brendan Kevin,31,39,8
Benito James,22,30,8
Arthur John,25,33,8
Mario Rafael,25,33,8
Stephen Oris,23,31,8
Robert John,24,32,8
Daniel Edward,22,30,8
Charles Walter,131,139,8
Cedric Montgomery,126,134,8
Edwin,123,131,8
Charles M.,22,30,8
Thomas Patrick,26,34,8
George Livingston,128,136,8
Deivi,25,33,8
James Everette,23,31,8
Herbert Bryan,126,134,8
Thomas Daniel,122,130,8
Jeffrey Charles,21,29,8
Bennie,25,33,8
Peter J.,26,34,8
Milton,22,30,8
Norman Andrew,126,134,8
George Raymond,23,31,8
William Pinkney,121,129,8
Wilson,24,32,8
Luis Antonio,23,31,8
Conrad,22,30,8
Douglas Craig,24,32,8
Alvin Glenn,24,32,8
Robert John Eugene,21,29,8
Frank Gerald,24,32,8
Jeffrey Graham,26,34,8
Rajai Lavae,26,34,8
Archie Ray,24,32,8
Daniel Bernard,21,29,8
Ronald Bryan,29,37,8
Allen Lindsey,123,131,8
John Daniel,126,134,8
Peter Joseph,125,133,8
Victor Crosby,26,34,8
Martin Kevin,26,34,8
Samuel Byrem,120,128,8
Roman Benedicto,25,33,8
Christopher Allen,24,32,8
Gordon Calvin,25,33,8
Truman Eugene,22,30,8
Otis Edgar,129,137,8
Douglas Horace,21,29,8
Matthew Paul,24,32,8
Verne James,125,133,8
Brady William,27,35,8
William Holland,23,31,8
Robert Ernie,22,30,8
David Lee,23,31,8
James Bailey,123,131,8
Laurence Russell,125,133,8
Raymond Johnson,121,129,8
Alexander,23,31,8
Galen Bernard,25,33,8
Martin Francis,122,130,8
Alberto Jose,23,31,8
Cris Howell,23,31,8
Roberto,26,34,8
Thomas Joseph,25,33,8
James Otto,126,134,8
Kevin Forrest,25,33,8
Lawrence Paul,25,33,8
Alexi,22,30,8
Charles Douglas,25,33,8
Walter Lawrence,123,131,8
Tyrus Turner,122,130,8
Christopher Michael,25,33,8
George Irvin,28,36,8
Eugene Walter,28,36,8
Edward Enoch,19,27,8
John Mark,23,31,8
John William,124,132,8
Charles Edwin,21,29,8
Clyde Lee,125,133,8
Todd Eric,24,32,8
Joseph Louis,125,133,8
Alan Paul,23,31,8
Harry Parker,128,136,8
Marvin Larry,24,32,8
Lester Rowland,122,130,8
Eric Alvin,22,30,8
Robert,26,34,8
William Daro,23,31,8
Lawrence Donald,22,30,8
John Andrew,123,131,8
James Louis,24,32,8
Julio,24,32,8
Juan Carlos,25,33,8
Elvin Clark,124,132,8
Kurt Thomas,24,32,8
Willie Mays,23,31,8
Matthew James,23,31,8
Jose Lino,25,33,8
George Lee,26,34,8
Roy Maxwell,24,32,8
William Crawford,22,30,8
Carlos Manuel,24,32,8
Matthew,26,34,8
Luis Enrique,28,36,8
Thomas Steven,22,30,8
Erick Johan,22,30,8
Manuel Antonio,25,33,8
Yancey Wyatt,122,130,8
Edmundo,22,30,8
Robert Lazaro,21,29,8
Michael Allen,20,28,8
Scott Richard,25,33,8
Frederick Norman,124,132,8
Frederick Hotham,26,34,8
Eric Todd,22,30,8
Joaquin,22,30,8
George Albert,124,132,8
Daniel Wayne,26,34,8
Joseph Leo,122,130,8
Yuniesky,23,31,8
Angel Maria,23,31,8
Timothy Paul,27,35,8
John Joseph,121,129,8
Walter Allen,124,132,8
Larvell,22,30,8
Theodore,121,129,8
Darrell Elijah,126,134,8
Hank Joe,22,30,8
Michael Ray,24,32,8
Shawn Kealoha,23,31,8
Stephen,21,29,8
Glenn Dennis,22,30,8
Richard Albert,21,29,8
Ronald George,23,31,8
Robert Randall,123,131,8
Scott William,24,32,8
Damon Jackson,23,31,8
Ronald Raymond,20,28,8
Stephen Robert,21,29,8
Wallace Edward,18,26,8
Thomas Roland,27,35,8
John Henderson,123,131,8
Salvatore Philip,28,36,8
Steven Lee,23,31,8
William Edwin,125,133,8
Peter Willits,25,33,8
William Franklin,22,30,8
Charles Edward,124,132,8
Richard Ernest,22,30,8
Edward William,129,137,8
Lewis J.,18,26,8
Robert James,26,34,8
Warren Scott,25,33,8
Brian Anthony,22,30,8
Anthony Michael,24,32,8
Lynn Davis,124,132,8
Robert Earl,27,35,8
Addison Foster,123,131,8
Charles F.,22,30,8
John Anthony,22,30,8
James Robert,27,35,8
Joshua Eric,24,32,8
Matthew Aaron,28,36,8
William Franklin,19,27,8
Hugh Jeffery,24,32,8
Thomas Michael,23,31,8
Frank Day,126,134,8
James Anthony,125,133,8
John Robert,25,33,8
Eugene Earl,122,130,8
Richard Charles,25,33,8
Marvin Eugene,22,30,8
Herbert Ehler,121,129,8
Randolph Ruhland,24,32,8
Carlos Manuel,23,31,8
Arthur Patrick,120,128,8
Jose Enger,26,34,8
Ramon Luis,25,33,8
James Riley,134,142,8
Thomas Derrick,22,30,8
Troy Trever,22,30,8
Jason Renyt,23,31,8
Lawrence Grant,22,30,8
Daniel Cooley,26,34,8
Efrain Antonio,24,32,8
Wilson Antonio,26,34,8
John Ralph,122,130,8
Peter Thomas,25,33,8
Bennie Louis,127,135,8
John,121,129,8
Chien-Ming,25,33,8
Joseph David,25,33,8
Mark Duane,22,30,8
Charles Thomas,126,134,8
Charles C.,22,30,8
Michael Charles,22,30,8
Tyler Lanier,26,34,8
Gregory Lee,23,31,8
Charles Franklin,123,131,8
Donald Ralph,25,33,8
Ernest Daniel,124,132,8
Fred Dwight,24,32,8
Frank Tiguer,122,130,8
Carl Woolworth,123,131,8
Robert Lee,28,36,8
Jered David,24,32,8
Montie Morton,125,133,8
William Earl,128,136,8
George Daniel,122,130,8
George,27,35,8
Benjamin Thomas,25,33,8
Dominick Thomas,26,34,8
Norbert Henry,22,30,8
Rollie Hubert,127,135,8
George Edward,19,27,8
William Frederick,120,128,8
Dontrelle Wayne,21,29,8
John Thomas,121,129,8
Herman Son,23,31,8
Matthew John,25,33,8
Brian Patrick,24,32,8
John Owen,125,133,8
Donald Edward,21,29,8
Enrique,24,32,8
John Francis,122,130,8
William G.,23,31,8
Frank Lee,25,33,8
Scott Ryan,23,31,8
Kevin Joseph,22,30,8
Craig Richard,23,31,8
William Frederick,21,29,8
Charles Thomas,123,131,8
Christopher Brandon,23,31,8
Delmon Damarcus,21,29,8
Russell Guy,127,135,8
John,26,34,8
Kenneth Victor,23,31,8
Johnny Renando,22,30,8
Carlos Joaquin,27,35,8
Glen David,124,132,8
Donald Raymond,124,132,8
Mark Joseph,28,36,8
John Albert,120,128,8
James John,26,34,8
Anibal Alejandro,22,30,8
Raul Guadalupe,22,30,8
William Amos,23,31,8
Oscar Enrique,24,32,8
Ruthford Eduardo,24,32,8
Michael George,27,35,8
Christopher Andrew,26,34,8
Victor Sylvester,120,128,8
John Collins,124,132,8
Mark Dwayne,22,30,8
Michael Sean,25,33,8
Jose Rafael,23,31,8
Mack Daniel,25,33,8
Dane Kealoha,24,32,8
Charles Duane,20,28,8
Robert Paul,18,26,8
William Dennis,122,130,8
Harry Leon,26,34,8
Joe Allen,24,32,8
Tommie Wayne,20,28,8
Francis Michael,125,133,8
Kelly Brian,25,33,8
William David,124,132,8
Ernest Grady,121,129,8
Carlos,23,31,8
George Friederich,27,35,8
James Anthony,25,33,8
Thomas Patrick,123,131,8
Arthur Joseph,120,128,8
James Aloysius,120,128,8
Thomas Michael,23,31,8
Alfred Louis,128,136,8
Albert Simpson,126,134,8
Michael Tyrone,26,34,8
William Charles,125,133,8
George Alexander,126,134,8
Robert Michael,23,31,8
Rodney Grant,24,32,8
John Emmett,23,31,8
Luke Brandon,27,35,8
Donald Malcolm,22,30,8
James,121,129,8
Jorge Bolivar,24,32,8
Timothy Joseph,25,33,8
Leslie Charles,21,29,8
Edward Wayne,23,31,8
George Tweedy,23,31,8
Edward Nelson,23,31,8
Leroy Bobby,24,32,8
Christopher David,24,32,8
Edward F.,21,29,8
Emanuel Sebastian,22,30,8
James Cory,24,32,8
James Carlisle,121,129,8
Travis William,26,34,8
Willie,24,32,8
Frederick Charles,121,129,8
Jason William,24,32,8
James Lawrence,119,127,8
Louis Mortimer,24,32,8
John Thomas,123,131,8
Joel Patrick,22,30,8
Bobby Gene,23,31,8
Elmer Ellsworth,22,30,8
Harry Joseph,126,134,8
Robert Harwood,121,129,8
Eric William,27,35,8
Haywood Cooper,25,33,8
George Heard,21,29,8
Wesley Gay,25,33,8
Alan Cochrane,128,136,8
Nicholas,125,133,8
Elvin Walter,27,35,8
Jose Milages,24,32,8
John Adam,124,132,8
Luther Haden,125,133,8
Steven Eugene,23,31,8
Ryan Joseph,21,29,8
Ronald Alan,21,29,8
George E.,26,34,8
John Besson,18,26,8
Frank Ronald,20,28,8
Robert Thomas,23,31,8
Fay Wesley,124,132,8
Gary Leah,21,29,8
Peter,22,30,8
Robert Alexis,23,31,8
Willard Eben,20,28,8
Leo Christopher,122,130,8
Ryan Michael,23,31,8
Carlos Agustin,24,32,8
Nicholas William,23,31,8
John Wyeth,121,129,8
Shaun Michal,24,32,8
Sean Christopher,24,32,8
Carmelo,23,31,8
Hershel Ray,128,136,8
Russell Nathan Coltrane,23,31,8
Nicholas Allen,24,32,8
Walter Thomas,124,132,8
Charles E.,22,30,8
James Percy,21,29,8
Terry Alan,27,35,8
Walter A.,121,129,8
James Albert,120,128,8
Richard Bernard,24,32,8
Adam Alan,23,31,8
James William,24,32,8
Jose,23,31,8
Glenn Ignatius,120,128,8
Kerry Dale,26,34,8
Jonathan Tyler,22,30,8
Frank John,18,26,8
Patrick Orlando,23,31,8
Ronald,26,34,8
Travis Reynolds,23,31,8
Wilfredo Jose,22,30,8
Andrew Jason,22,30,8
Bristol Robotham,122,130,8
Harry Donald,125,133,8
Jose Celestino,21,29,8
James Anthony,22,30,8
Dario Antonio,122,130,8
George Paul,23,31,8
Boone,22,30,8
Stephen John,25,33,8
Hector R.,24,32,8
Ulysses John,123,131,8
Hugh Max,123,131,8
Mark Christopher,23,31,8
John Reid,126,134,8
Jimmie LeRoy,23,31,8
Joseph Earl,26,34,8
James Milton,22,30,8
Larry Benard,22,30,8
Steven Earl,23,31,8
George Lewis,125,133,8
John James,123,131,8
Rudolph Bartholomew,20,28,8
Louis William,27,35,8
William Henry,21,29,8
Mario,24,32,8
Orlando,21,29,8
Adam Michael,28,36,8
Kevin Ford,24,32,8
John Tortes,129,137,8
Christian Matthew,27,35,8
Matthew Brian,23,31,8
Calvin Alexander,22,30,8
Patrick James,25,33,8
John Joseph,22,30,8
Thomas,23,31,8
Patrick Elmer,127,135,8
William Edward,25,33,8
Wycliffe Nathaniel,30,38,8
John Wallace,25,33,8
Mark Alan,23,31,8
Roberto,25,33,8
Edward Jose,22,30,8
William John,124,132,8
Eugene John,21,29,8
Robert Morris,24,32,8
Rogelio,21,29,8
Jake T.,124,132,8
Kendrys,23,31,8
Guillermo,25,33,8
Edward James,25,33,8
Sergio Armando,22,30,8
Michael Ross,25,33,8
Robert Joseph,25,33,8
Miguel Angel,23,31,8
Craig Keystone,24,32,8
Justin Mark,25,33,8
Keith Alan,24,32,8
Ward Taylor,125,133,8
Wade Thomas,23,31,8
Aaron Wade,27,35,8
Wilson Daniel,126,134,8
Andrew Mark,21,29,8
Peter James,25,33,8
Robert,24,32,8
Michael Alan,22,30,8
Dustin Luis,23,31,8
William Joseph,26,34,8
Albert Gregory,24,32,8
John Gaston,127,135,8
Joshua William,24,32,8
Danny Shane,25,33,8
Glen Weston,23,31,8
Melido Turpen Gross,21,29,8
Matthew Alan,22,30,8
Robert Alan,26,34,8
Pablo Jose,26,34,8
Orval,124,132,8
Eric Blake,24,32,8
Angel Manuel,25,33,8
Chad Michael,26,34,8
Steven Michael,28,36,8
Maurice Wesley,25,33,8
Peterson Thomas Gordon,26,34,8
Ernest Ralph,125,133,8
George Michael,121,129,8
Reynaldo,25,33,8
Thomas Patrick,22,30,8
Daniel,29,37,8
Frank Malcolm,122,130,8
John Arnold,135,143,8
Randal Harold,24,32,8
Willard Lee,22,30,8
Carlos Enrique,24,32,8
Thomas H.,22,30,8
Eric George,21,29,8
John Eugene,24,32,8
John Joseph,25,33,8
John K.,22,30,8
Jeffrey Lynn,28,36,8
Patrick J.,26,34,8
Julio,26,34,8
Alfred Earle,125,133,8
Michael Anthony,25,33,8
Jerry Austin,23,31,8
Samuel Woody,122,130,8
William Gerard,23,31,8
Rodney Luther,27,35,8
David Matthew,25,33,8
Eric Ralph,23,31,8
Philip,20,28,8
Timothy James,23,31,8
Gilberto Rolando,20,28,8
Ronn Dwayne,24,32,8
Charles Thomas,22,30,8
Christopher Paul,23,31,8
Richard Avina,25,33,8
Roger Allen,24,32,8
Eldon John,25,33,8
Ernest,25,33,8
Joseph Aloysius,125,133,8
Luis Wilfredo,21,29,8
Ruben,22,30,8
Eliseo,22,30,8
Ronald Dean,22,30,8
Robert Leroy,23,31,8
Nathan Daniel,25,33,8
Floyd Andrew,24,32,8
Jeffrey Daniel,24,32,8
Kerry Keith,25,33,8
Ryan Alan,26,34,8
Robert Michael,24,32,8
Yusmeiro Alberto,22,30,8
Joshua Lee,22,30,8
Adolfo Emilio,23,31,8
John Albert,125,133,8
Clarke Alonzo,122,130,8
Thomas Iverson,23,31,8
William John,132,140,8
Nicholas,120,128,8
Gustavo Adolfo,24,32,8
Clifford Anthony,24,32,8
Horacio,24,32,8
Ramon Emilio,25,33,8
Donald Russell,120,128,8
Melvin Douglas,22,30,8
Carlos Jose,24,32,8
Ronald Ralph,24,32,8
Luis Bienvenido,22,30,8
Charles Michael,26,34,8
Dennis Clay,22,30,8
Martin Manuel,23,31,8
Philip J.,24,31,7
Joseph Edward,23,30,7
James Arthur,23,30,7
Patrick Edward,24,31,7
Scott Christopher,27,34,7
Michael James,26,33,7
Robb Michael,26,33,7
Richard Raymond,25,32,7
Edward Charles,25,32,7
Thomas George,21,28,7
Scott Vernon,26,33,7
J W,19,26,7
Charles Reno,128,135,7
Phillip Alan,21,28,7
Mizell George,122,129,7
Raymond Willis,125,132,7
James Peter,24,31,7
Herman Polycarp,122,129,7
Adam Christopher,24,31,7
John William,122,129,7
Richard Devin,24,31,7
Calvin Elroy,22,29,7
William Taylor,23,30,7
Thomas Gerard,126,133,7
Anthony Francis,125,132,7
William Clyde,121,128,7
John Henry,124,131,7
Bertrand Roland,25,32,7
Jesus Manuel,23,30,7
James Albert,127,134,7
Todd Everett,26,33,7
Adam David,25,32,7
George Michael,23,30,7
Harvey Donald,121,128,7
Henry Paul,126,133,7
Eugene,24,31,7
David William,28,35,7
J Lee,22,29,7
Elwood Lewis,123,130,7
Jason Edward,25,32,7
Bryan Robert,23,30,7
Walter Phillip,124,131,7
Robert Joseph Thomas,122,129,7
Barton Emory,123,130,7
James Lamar,25,32,7
John Gordon,122,129,7
Harold J.,127,134,7
Mark Andrew,24,31,7
Robert James,24,31,7
Arthur Anthony,124,131,7
Julian Jawonn,23,30,7
Calvin,24,31,7
Jeremy Thomas,23,30,7
Michael Jeffrey,24,31,7
Merritt Thomas,24,31,7
Kenneth Alan,25,32,7
Arthur Lawrence,122,129,7
Floyd Kinnard,23,30,7
Stephen Andrew,23,30,7
Timothy James,23,30,7
Elmer Glenn,121,128,7
James Albert,21,28,7
Paul,123,130,7
Jeremiah J.,19,26,7
Christopher Gregg,25,32,7
Charles Lenard,25,32,7
Roleine Cecil,125,132,7
Bernard Edmund,125,132,7
Richard Leroy,24,31,7
Albert Dwayne,25,32,7
Warren Dale,27,34,7
David Lawrence,21,28,7
Thomas Clark,25,32,7
Thomas Reid,22,29,7
Simon Burdette,121,128,7
Frederick C.,25,32,7
Christopher Thomas,29,36,7
Alex,23,30,7
Vern Jarl,121,128,7
Edward Sylvester,21,28,7
David Wayne,23,30,7
Albert Samuel,24,31,7
Steven Richard,23,30,7
Rodney Lea,24,31,7
Richard J.,121,128,7
Wayne Oren,28,35,7
Leo William,122,129,7
Lawrence Thomas,26,33,7
Nathan Edward,23,30,7
James Edward,23,30,7
David Alan,23,30,7
Oliver Edward,121,128,7
Steven Robert,22,29,7
David L.,24,31,7
Manuel Alex,25,32,7
Stanley Gerard,23,30,7
Jose Luis,23,30,7
Mitchell Otis,26,33,7
Phillips Steere,21,28,7
Eugene Milo,125,132,7
Stanley,21,28,7
Charles Andrew,20,27,7
Michael Irvin,26,33,7
Robert Alexander,25,32,7
Timoniel,25,32,7
George Wilson,124,131,7
Hunter Andrew,24,31,7
Juan Pablo,28,35,7
Troy Jamieson,22,29,7
Felipe Adolfo,24,31,7
Ronny Leonel,24,31,7
Frank Enrico,22,29,7
Case Lyman,127,134,7
Valentino Martin,26,33,7
Steven Wayne,24,31,7
Homer Hefner,125,132,7
Matthew Todd,25,32,7
George C.,24,31,7
Randy Andre,26,33,7
Walter Louis,128,135,7
Edward Lee,20,27,7
John Evans,26,33,7
Rene,122,129,7
Herbert,27,34,7
Ronald Ralph,18,25,7
Keith Alexander,22,29,7
Michael Francis,128,135,7
Zachary Charles,24,31,7
Richard Angelo,24,31,7
Franklin Miguel,21,28,7
William Nelson,25,32,7
Lewis Howard,120,127,7
John Herbert,124,131,7
David Michael,21,28,7
Nyjer Jamid,27,34,7
Raymond Caryll,122,129,7
Peter Michael,28,35,7
James Raleigh,26,33,7
Carl Wendle,25,32,7
Brandon John,23,30,7
Brandon Douglas,24,31,7
Walter Joseph,28,35,7
Curtell Howard,27,34,7
Gregory Winston,27,34,7
George Earl,126,133,7
Norman Alexis,127,134,7
Joey Richard,21,28,7
William Thomas,23,30,7
Dallas Lyle,24,31,7
Mortimer Martin,30,37,7
Edward Allen,24,31,7
Stephen Mathias,120,127,7
Clifford George,125,132,7
Luis Antonio,21,28,7
Alexander George,121,128,7
Allen A.,21,28,7
Lloyd Glenn,28,35,7
Lance Graye,21,28,7
George Neely,132,139,7
William Henry,126,133,7
David Lawrence,25,32,7
Charles Richard,24,31,7
Terence Roy,24,31,7
Edward Haughton,123,130,7
Gary Paul,26,33,7
Larry Christopher,24,31,7
Carl Leonard,122,129,7
James Lawrence,23,30,7
Edward Francis,24,31,7
Don Wilson,26,33,7
Scott Louis,26,33,7
Winston Enriquillo,25,32,7
Terrence Deon,23,30,7
Matthew Hanks,25,32,7
Mark Owen,24,31,7
Leron,21,28,7
Clifford Walker,123,130,7
James Kenneth,23,30,7
David Lawrence,23,30,7
Eduardo Antonio,22,29,7
Charlie,124,131,7
Gorham Vance,128,135,7
Dennis Dale,22,29,7
Derek Jansen,23,30,7
Matthew Raymond,27,34,7
Timothy LeRoy,23,30,7
Joseph Anthony,24,31,7
Justin Adam,24,31,7
Jacob Erskine,122,129,7
Cameron Keith,20,27,7
Joseph Emerson,24,31,7
Timothy Jay,25,32,7
Daisuke,27,34,7
Donald Stetson,22,29,7
Stuart McGuire,124,131,7
Carlos Alberto Escobar,23,30,7
Armando,124,131,7
Barry Paul,26,33,7
Jerry,22,29,7
Ravelo,25,32,7
William Alphonse,123,130,7
Angel Luis,22,29,7
Kenneth Edward,24,31,7
James F.,24,31,7
Robert William,25,32,7
James Leroy,25,32,7
Joseph,26,33,7
Ryan Stewart,26,33,7
Jerry Wayne,27,34,7
George Edward,26,33,7
Jeffrey Jon,30,37,7
So,33,40,7
Frederick Lealand,22,29,7
Vitautris Casimirus,123,130,7
Charles Gilbert,27,34,7
William Howell,33,40,7
Alejandro Antonio,21,28,7
Charles William,27,34,7
Chilton Scott,19,26,7
Kevin Douglas,23,30,7
William Hambly,23,30,7
George Robert,127,134,7
Jeffrey Glen,23,30,7
Daniel James,24,31,7
John Paul,122,129,7
George Franklin,126,133,7
Kenneth Raymond,23,30,7
William Paul,22,29,7
Kurt Kiyoshi,24,31,7
Larry James,27,34,7
Charles James,24,31,7
William John,121,128,7
Brian Edward,29,36,7
Thomas Jacob,125,132,7
William Ashley,21,28,7
Lewis Oscar,124,131,7
Kevin Michael,23,30,7
Cyril Charles,125,132,7
Michael J.,18,25,7
Joseph Michael,23,30,7
John Dwight,26,33,7
Edgar Eugene,21,28,7
George Allen,124,131,7
Billy Mike,27,34,7
John Francis,20,27,7
Garry Seth,25,32,7
LeRoy Purdy,23,30,7
Sydney A.,125,132,7
Joakim Agustin,23,30,7
Jerry Joseph,20,27,7
Ian Kenneth,22,29,7
Chester Earl,24,31,7
Garrett Charles,24,31,7
Charles Augustus,123,130,7
Jerry Carl,26,33,7
Harold Stewart,126,133,7
Alfred Ray,126,133,7
Dennis LeRoy,30,37,7
Henry Eli,22,29,7
Marvin Gustave,22,29,7
William Charles,21,28,7
Albert Goodwill,21,28,7
Herbert Jude,22,29,7
Rodney Darrell,22,29,7
James Dennison,120,127,7
William Frank,26,33,7
Ronald Richard,24,31,7
Arthur William,25,32,7
Kenneth Marvin,26,33,7
Alfred William,25,32,7
John Bluford,126,133,7
George Henry,126,133,7
Calvin Drew,22,29,7
Nathan John,23,30,7
Frederick John,25,32,7
Willard Raymond,24,31,7
Robert Benjamin,25,32,7
Raymond Henry,119,126,7
Arthur Louis,24,31,7
Benjamin Cowan,121,128,7
Garland Jessie,22,29,7
David Joseph,25,32,7
Edward Tilden,126,133,7
Richard Charles,19,26,7
Wayne Kirby,22,29,7
John Robert,121,128,7
Steven Wayne,26,33,7
Harry C.,25,32,7
Jimmie Ronald,25,32,7
Rafael Francisco,25,32,7
Jose Rafael,23,30,7
Manuel Eduardo,20,27,7
Scott William,28,35,7
Kenneth Frederick,24,31,7
Brendan Wood,25,32,7
Mark Bruce,23,30,7
Jarrod Scott,22,29,7
Jonathan Omar,24,31,7
Raymond Floyd,126,133,7
Angel Luis,23,30,7
Duaner,23,30,7
Robert Edward,24,31,7
Walter Henry,125,132,7
Ronald Jon,25,32,7
Ryan Benjamin,24,31,7
Robert Frank,122,129,7
Elam Jose,27,34,7
Francis Charles,125,132,7
Marius Ugo,125,132,7
Paul William,23,30,7
Giraldo,26,33,7
Justin Marshall,25,32,7
William Arthur,124,131,7
David Michael,24,31,7
Frederick Donald,26,33,7
Marvell,24,31,7
George Edward,120,127,7
Melvin James,26,33,7
Michael James,26,33,7
Michael Darren,22,29,7
Gerald Anthony,23,30,7
Elmer Ellsworth,121,128,7
Stephen Douglas,121,128,7
Earl Hershey,123,130,7
John Henry,120,127,7
Alva Mitchell,129,136,7
Woodrow Wilson,126,133,7
James Arthur,22,29,7
George Lovington,123,130,7
Joseph,26,33,7
Vance Allen,26,33,7
Earl Craig,22,29,7
Evon Daniel,125,132,7
Charles Prosek,24,31,7
Carlton Francis,27,34,7
Randall Duane,29,36,7
Reginald Bernard,26,33,7
Mark Alan,28,35,7
Claude Preston,120,127,7
Robert George,21,28,7
Kevin Dean,24,31,7
Stephen Bradley,24,31,7
Gerald Robert,27,34,7
Benedict Joseph,123,130,7
Matthew Kyle,25,32,7
Allen Kenneth,23,30,7
Brad Eugene,23,30,7
Todd Allen,25,32,7
Walter Richard,25,32,7
John Henderson,126,133,7
Albert Eugene,124,131,7
Donald Paul,22,29,7
Jerry Allen,18,25,7
Paul Alan,25,32,7
William Edward,22,29,7
Joseph Daniel,24,31,7
Jacob Phillip,123,130,7
Donnell Lee,28,35,7
Elliott Tyrone,23,30,7
John Francis,25,32,7
John Milton,124,131,7
Wallace Walter,123,130,7
Merkin R.,23,30,7
Justin Irvin,20,27,7
Theodore Otto,26,33,7
Byron Lee,22,29,7
Christopher Wan,24,31,7
Michael Robert,26,33,7
Harry Porter,124,131,7
Claudio,25,32,7
Maurice Rene,125,132,7
Gary Andrew,27,34,7
Vernon Scot,23,30,7
Mark Anthony,27,34,7
David Vance,25,32,7
Philip Julius,123,130,7
William Felix,129,136,7
Herman Coaker,127,134,7
Walter Joseph,126,133,7
Richard Joseph,27,34,7
George,122,129,7
Frank Joseph,25,32,7
Richard Stanley,20,27,7
Ernest Gilbert,24,31,7
Peter Sven,21,28,7
Yhency Jose,24,31,7
Thomas Austin,23,30,7
George Frederick,120,127,7
Dan Lee,23,30,7
Harry James,29,36,7
Jacob Donnell,27,34,7
William Ronald,23,30,7
Paul Dwayne,20,27,7
Jackie Gene,27,34,7
Byron Ellis,23,30,7
Billy Ray,21,28,7
Samuel Dewey,123,130,7
Harry Gladwin,25,32,7
Forrest Leroy,126,133,7
Asdrubal Jose,22,29,7
Ellis Narrington,22,29,7
Levi Jared,26,33,7
Wilburn Rue,122,129,7
Homer Giles,25,32,7
Thomas William,26,33,7
Hercules H.,23,30,7
Leo Patrick,24,31,7
Timothy Philip,26,33,7
Robert Britt,19,26,7
Edward D.,24,31,7
Clay Daniel,23,30,7
Richard D.,30,37,7
William Jennings,24,31,7
Gerald Peter,19,26,7
Eric Gerald,25,32,7
Philip Poole,24,31,7
James Ward,124,131,7
David Leonard,122,129,7
Darrell G.,26,33,7
Chester Milton,121,128,7
Ryan Joseph,24,31,7
John Morgan,24,31,7
George Bernard,19,26,7
Rafael Antonio,26,33,7
David Wilson,19,26,7
Thomas Edward,25,32,7
Walter Franklin,23,30,7
Emilio Jose,22,29,7
Gregory Scott,23,30,7
Hiram Colon,24,31,7
James John,122,129,7
Marvin Edward,21,28,7
Robert Garnett,122,129,7
Curtis Leroy,22,29,7
Jerry Richard,24,31,7
Richard George,25,32,7
Chad Ryan,22,29,7
Richard Arlin,26,33,7
Harry Pree,125,132,7
Michael Dennis,26,33,7
Warner Samuel,23,30,7
Matthew Jason,22,29,7
George Edward,25,32,7
Ivy Paul,124,131,7
Darrell Shane,24,31,7
Michael Jay,23,30,7
Robert Joseph,23,30,7
Brandon Allen,24,31,7
John Charles,121,128,7
Earl Douglas,25,32,7
David Dewitt,21,28,7
Jacob Henry,123,130,7
Garrett Bernard,24,31,7
Harold Andrew,26,33,7
Garrabrant Ryerson,25,32,7
Ruben,26,33,7
James Irvin,122,129,7
John Dewey,124,131,7
Glenn Charles,28,35,7
Albert Julius,23,30,7
Etanislao Toni,23,30,7
Jeremiah Lee,24,31,7
Thomas Joseph,24,31,7
Freddy Ray,26,33,7
David Beals,122,129,7
Richard Godhard,21,28,7
Harry Elbert,123,130,7
Richard Edward,24,31,7
Robert Allen,23,30,7
Rigoberto,28,35,7
Alfred Lee,21,28,7
Sean Frederick,23,30,7
Louis William,122,129,7
Francisco Javier,21,28,7
Raymond Herrell,24,31,7
Charles A.,26,33,7
Daric William,22,29,7
Arthur Eugene,124,131,7
Norman Leslie,21,28,7
David George,28,35,7
Rocco Dan,22,29,7
Jeffrey Scott,24,31,7
Brian Glen,26,33,7
Edward Charles,31,38,7
Frederick Herbert,20,27,7
Lance David,25,32,7
Robert Louis,123,130,7
Charles Lee Glenn,23,30,7
Camilo,22,29,7
Donald George,21,28,7
Jacinto,119,126,7
James Alexander,22,29,7
David Wilson,25,32,7
Matthew Dicus,22,29,7
Jorge Luis,22,29,7
Arthur Vincent,120,127,7
Joseph O'Neal,24,31,7
Edwin Douglas,29,36,7
Kendall Fay,123,130,7
Virgil Earl,119,126,7
Richard Francis,22,29,7
Buford Billy,22,29,7
Shawn Anthony,24,31,7
Justin Louis,22,29,7
Edward James,28,35,7
Robert H.,23,30,7
Bailey Earl,120,127,7
Jerald Dwayne,25,32,7
Stanley Marten,23,30,7
Patrick Brian,23,30,7
William Melville,120,127,7
Alan Edward,23,30,7
Elmer Ellsworth,22,29,7
Luciean Louis,23,30,7
Tyler Lee,22,29,7
John Francis,20,27,7
Justin Todd,25,32,7
Anna Sebastian,122,129,7
Keith Martin,29,36,7
Louis Keith,24,31,7
John Edgar,122,129,7
Gerald Allen,22,29,7
Rodney Paul,21,28,7
Joseph Casey,25,32,7
Frederick Nicholas,125,132,7
Lance Robert,24,31,7
Manuel,24,31,7
David Cardenas,26,33,7
Michael Horace,23,30,7
Paul,21,28,7
Lawrence J.,21,28,7
Chad Patrick,21,28,7
Scott Kendrick,23,30,7
Douglas Mitchell,28,35,7
Sandalio Simeon,30,37,7
Jimmy Lee,23,30,7
James Matthew,29,36,7
Jack Clements,123,130,7
Onix Cardona,23,30,7
Clayton Lee,27,34,7
Ronald Everette,21,28,7
Russell Stuart,25,32,7
James J.,23,30,7
Kane Thomas,25,32,7
Brian Michael,26,33,7
Victor Anthony,28,35,7
Albert Wentworth,128,135,7
Otto Charles,125,132,7
Henry Clyde,125,132,7
George A.,26,33,7
Alfred Lovell,121,128,7
Thomas H.,24,31,7
Alejandro Alberto,23,30,7
William Joseph,23,30,7
Michael John,122,129,7
Edgar Leander,31,38,7
John William,22,29,7
Mark Anthony,26,33,7
Thomas Francis,124,131,7
Robert Edward,23,30,7
William Franklin,126,133,7
Charles Robert,26,33,7
Clyde Ellsworth,126,133,7
Michael Lee,24,31,7
Thomas Francis Aloysius,121,128,7
Michael Lawrence,23,30,7
William,22,29,7
Arnold Carl,27,34,7
Vallie Ennis,124,131,7
Rawlins Jackson,24,31,7
Steven John,21,28,7
Robert Dennis,26,33,7
David Francis,26,33,7
Raymond Bernard,122,129,7
Kelly Robert,26,33,7
Oscar Joseph,126,133,7
Brandon J.,25,32,7
Robert Keith,24,31,7
Lewis Pessano,20,27,7
Alexis,24,31,7
Richard Allen,25,32,7
Stephen Bradley,24,31,7
William Patrick,126,133,7
Paul Adrian,22,29,7
James Brooklyn,123,130,7
Orestes,25,32,7
Ross Emery,21,28,7
Gerard Peter,25,32,7
Richard Atley,128,135,7
Calvin Leavelle,127,134,7
Augustus,126,133,7
Michael David,19,26,7
John J.,19,26,7
Chase Jordan,23,30,7
George Earl,22,29,7
Clayton Allen,26,33,7
Floyd Bluford,24,31,7
Enzo Octavio,22,29,7
Jeremy Ryan,21,28,7
Angel Remigio,20,27,7
Michael Steven,25,32,7
Dorrel Norman Elvert,25,32,7
Oris Leon,129,136,7
Clell Lavern,24,31,7
Harry Keller,121,128,7
Glen Frederick,21,28,7
Darius Dutton,28,35,7
Charles Joseph,27,34,7
Mark Harold,24,31,7
James Wesley,21,28,7
Frank Joseph,123,130,7
Raymond Leo,27,34,7
Charles Leo,24,31,7
Michael Elmo,28,35,7
Michael James,25,32,7
Robert Patrick,25,32,7
Larry Edward,21,28,7
George Edward,123,130,7
Warren Washington,20,27,7
Thomas Griffith,127,134,7
Larry Steven,24,31,7
Manuel Emilio,24,31,7
Richard Frederick,21,28,7
Brian David,26,33,7
Dewey LaMarr,24,31,7
Richard Dalton,25,32,7
David Alan,25,32,7
Paul Wesley,22,29,7
Thomas Ross,24,31,7
Tyler Sam,25,32,7
Warren Llewellyn,124,131,7
Robert Leon,22,29,7
Philip Gregory,24,31,7
Thomas Owen,122,129,7
Philip Joseph,21,28,7
Michael Kale,26,33,7
Mark Patrick,28,35,7
John William,25,32,7
Barry Louis,23,30,7
Robert Mitchell,25,32,7
Charles Claude,125,132,7
James Condia,22,29,7
Garrett Thomas,26,33,7
James Murrell,121,128,7
Lynn Morris,26,33,7
Robert Emmett,124,131,7
Thomas William Oscar,133,140,7
Raymond Willis,123,130,7
Duane Charles,23,30,7
Edward James,25,32,7
Jair Francoise,21,28,7
Rudolph,126,133,7
Benjamin Joyce,127,134,7
John Frederick,25,32,7
Edwin Henry,127,134,7
Walter Lyons,122,129,7
Clyde Elias,123,130,7
Eugene Humphrey,20,27,7
Michael John,22,29,7
Harold,23,30,7
Ian Patrick,23,30,7
Raymond Herbert,119,126,7
Raymond Frederick,25,32,7
Randy Dean,24,31,7
Richard Anthony,24,31,7
Robert Edward,24,31,7
Donald Thomas,27,34,7
Kyle Rodney,23,30,7
John Peter,127,134,7
Steven Jack,23,30,7
Robert Wayne,21,28,7
Clayton Laws,21,28,7
Wayne Leonard,27,34,7
Kevin Richard,20,27,7
Alan Lee,24,31,7
Philip Louis,23,30,7
Brandon Michael,26,33,7
Gene Ellis,22,29,7
Kenneth Peter,24,31,7
Franklin James,23,30,7
Wayne Richard,25,32,7
Joseph,28,35,7
Frank Jerry,25,32,7
Peter Linwood,23,30,7
Robert Joseph,24,31,7
Rafael Silvaldo,24,31,7
Grover Cleveland,124,131,7
Thomas William,29,36,7
Raymond Simond,122,129,7
William Harry,22,29,7
John Edward,23,30,7
Charles Wells,26,33,7
Angelo John,124,131,7
William G.,24,31,7
Alban,125,132,7
Carlos Argelis,22,29,7
Jose Luis,126,133,7
Jose Rafael,21,28,7
Jose Fernando,22,29,7
Luis,23,30,7
Jesse Lemar,24,31,7
Thomas Edward,125,132,7
Lester Stanley,21,28,7
Joseph Diego,26,33,7
Charles Mader,121,128,7
Paul Robert,22,29,7
Peter Patrick,29,36,7
Hector C.,24,31,7
Lee Theo,127,134,7
Seth Adam,23,30,7
Douglas Lee,23,30,7
Adam Daniel,24,31,7
George Dallas,26,33,7
John Patrick,124,131,7
John Joseph Perry,125,132,7
John Albert,24,31,7
Thomas Aloysius,27,34,7
Alex Jonathan,23,30,7
Danny Kay,22,29,7
James Edward,22,29,7
Wiklenman Vicente,25,32,7
Zerah Zequiel,123,130,7
Jack Edwin,24,31,7
Shane David,28,35,7
James H.,22,29,7
Jimmie Randolph,25,32,7
Walter Charles,124,131,7
Joshua Holt,26,33,7
Mario Miguel,24,31,7
Louis Joseph,121,128,7
Juan Carlos,24,31,7
Chad Ashley,23,30,7
Thomas Matthew,22,29,7
Joseph John,123,130,7
John Francis,121,128,7
Preston Lee,21,28,7
Ryan Michael,27,34,7
Fred Girard,126,133,7
James Anthony,25,32,7
John Doolittle,126,133,7
Louis Winfred,20,27,7
Charles Russell,127,134,7
Gregory Wade,25,32,7
Terry Joe,25,32,7
Charles William,125,132,7
Daniel Michael,25,32,7
Robert Taylor,126,133,7
Brian Kevin,23,30,7
Eduardo,26,33,7
Justin Howard,120,127,7
Sidney Douglas,24,31,7
Donald Hugh,26,33,7
Humberto,24,31,7
Ross Emil,122,129,7
Nicholas Andrew,23,30,7
Paul Walford,126,133,7
Arnulfo Acevedo,21,28,7
Yunel,25,32,7
Johnny Pulado,25,32,7
Charles Leonard,22,29,7
Louis Richard,123,130,7
Arthur Augustus,125,132,7
Harry,120,127,7
Bradley Ross,25,32,7
Robert Randolph,26,33,7
Samuel Joseph,21,28,7
Jacoby McCabe,24,31,7
Arthur Clyde,125,132,7
Bryce Bettencourt,24,31,7
Michael Eugene,25,32,7
Richard Nevin,24,31,7
Dee Virgil,27,34,7
John Vincent,24,31,7
Steven Francis,26,33,7
Benjamin Rudolph,123,130,7
Samuel Babson,26,33,7
Yovani,21,28,7
Bradley Ryan,22,29,7
Richard Aaron,27,34,7
Frederick Morris,127,134,7
Wesley Brian,23,30,7
Robert Roy,20,27,7
Aubrey Lee,25,32,7
Joey Renard,23,30,7
Henry Carl,24,31,7
John Richard,21,28,7
John Alexander,124,131,7
Elmer Joseph,120,127,7
John David,23,30,7
Gary Edward,23,29,6
Brent Robert,23,29,6
Geoffrey Michael,27,33,6
Ramon Antonio,22,28,6
Brett M.,25,31,6
Terrence Lee,27,33,6
Michael Edwin,27,33,6
Vernon Gordon,20,26,6
Edward L.,26,32,6
Fabian Sebastian,123,129,6
Arnesta Joe,24,30,6
Richard Blackwell,24,30,6
Milton,126,132,6
Jaime Omar,22,28,6
Jesus Jesse,26,32,6
Walter Edward,124,130,6
Richard James,24,30,6
James Riley,28,34,6
Gary Wayne,26,32,6
Louis Benjamin,26,32,6
Hershell Baskin,24,30,6
Howard Earl,120,126,6
Marvis Edwin,25,31,6
Benjamin Cooper,23,29,6
Robert Nathan,25,31,6
James G.,20,26,6
Terrence Edward,25,31,6
William Dexter,22,28,6
Leonard Norris,20,26,6
Russell William,126,132,6
Andrew James,27,33,6
Timothy Scott,23,29,6
Frederick George,122,128,6
James Corbette,128,134,6
Nicholas R.,22,28,6
Uriah L. P.,23,29,6
Seth Michael,24,30,6
Jacob S.,25,31,6
Marco Rene,25,31,6
Alcides,22,28,6
Harold Franklin,124,130,6
John,124,130,6
Edward Paul,122,128,6
Francis John,24,30,6
Michael Dennis,22,28,6
Leslie Fletchard,127,133,6
Luis R.,27,33,6
Joseph Ignatius,122,128,6
Travis Boyd,24,30,6
William,27,33,6
Larry Duane,24,30,6
Tyrone Eugene,25,31,6
Charles William,24,30,6
Alan Robert,26,32,6
Harry Aloysius,26,32,6
Todd Michael,27,33,6
Joel Ryan,26,32,6
John Aloysius,125,131,6
Winfield Scott,24,30,6
Michael Edward,28,34,6
Roric Edward,26,32,6
Chalmer Luman,126,132,6
Matthew Reid,23,29,6
Yamid Salcedo,22,28,6
Gabriel Jordan,25,31,6
Justin Michael,26,32,6
Ronald Garry,24,30,6
George William,22,28,6
William Harry,125,131,6
Donald Antone,21,27,6
George Silas,22,28,6
Edward Louis,24,30,6
Robert Houston,22,28,6
Thomas Patrick,24,30,6
Charles Harvey,24,30,6
Billy Cordell,23,29,6
David Alejandro,21,27,6
Khalil Thabit,24,30,6
Gary Allan,24,30,6
Gene Leroy,24,30,6
Donald Dexter,124,130,6
John,124,130,6
Oscar Ray,127,133,6
Robert James,23,29,6
Conor Michael,21,27,6
Marcus William,23,29,6
Geronimo,26,32,6
Rodney Joe,20,26,6
Lewis Thomas Leyton,21,27,6
Franklyn Miguel,22,28,6
Samuel Braxton,127,133,6
Christopher Ryan,25,31,6
Leonardo,24,30,6
Alberto Ramon,24,30,6
Carlos Eduardo,23,29,6
Giovany Aramis,23,29,6
Julio Cesar,25,31,6
Billy James,22,28,6
Jerry Leroy,26,32,6
Ryan David,25,31,6
James Joseph,124,130,6
Frederick Monroe,126,132,6
Paul Edmore,28,34,6
Walter Oswald,125,131,6
William Alexander,22,28,6
William Alan,25,31,6
Eugene Thomas,25,31,6
Daniel James,22,28,6
Christopher Joseph,24,30,6
Andrew Christian,24,30,6
Brooks Ulysses,29,35,6
Brian Michael,25,31,6
John Charles,19,25,6
Daniel J.,24,30,6
John Alexander,26,32,6
William Henry,21,27,6
Richard Anthony,124,130,6
Lester Wayne,25,31,6
Robert Eugene,122,128,6
Edward Francis,123,129,6
Aaron Steven,22,28,6
Craig Robert,25,31,6
Hung-Chih,24,30,6
Hiroki,33,39,6
Russell Jay,24,30,6
George,25,31,6
Robert John,29,35,6
Michael Paul,25,31,6
John Andrew Charles,21,27,6
Floyd Myron,120,126,6
Brent Bradley,21,27,6
Jonah William,25,31,6
Matthew John,25,31,6
Jeffrey Wayne,24,30,6
Gerald Tennyson,22,28,6
Joseph Darley,22,28,6
Richard Lee,21,27,6
John Nelson,26,32,6
Robert Michael,25,31,6
Masao,31,37,6
Joseph William,121,127,6
Clayton Edward,20,26,6
Richard Henry,126,132,6
Eric Steven,22,28,6
Edward Lee,124,130,6
Joshua Thomas,27,33,6
Newell W.,122,128,6
Paul Nelson,25,31,6
Joseph,27,33,6
Ricardo Emelindo,25,31,6
Matthew Ryan,24,30,6
Kevin Wayne,26,32,6
Kenneth Frederick,121,127,6
Larry Doby,22,28,6
Robert James,25,31,6
Timothy Evald,24,30,6
Roy Merrill,128,134,6
Phillip Lee,21,27,6
Charles Lynn,24,30,6
Keith Wills,24,30,6
Frank O'Donnell,123,129,6
Richard Elde,27,33,6
John Richard Joseph,124,130,6
Raymond Thomas,22,28,6
Nicholas John,25,31,6
Byron Simon,121,127,6
Ricky Neal,25,31,6
Anthony Darrin,20,26,6
Gail Eason,25,31,6
Michael Wayne,24,30,6
Wilbert William,122,128,6
Clarence Bill,125,131,6
Kenneth,24,30,6
David Wayne,28,34,6
Elliot Tyler,24,30,6
Jose,25,31,6
Marcus Christian,24,30,6
Robert Scott,24,30,6
Kevin Martin,24,30,6
Ernest Lee,121,127,6
John Edward,25,31,6
Alva William,122,128,6
Louis Clarence,23,29,6
Ronald Harris,21,27,6
William Lawrence,121,127,6
Charles Hamilton,24,30,6
Conor Sims,23,29,6
Jeffrey David,25,31,6
Adam Davis,29,35,6
Clarence Eugene,122,128,6
John Burnette,127,133,6
Edward Edgar,129,135,6
Ray Arthur,24,30,6
Charles Jacob,122,128,6
Thomas Eugene,27,33,6
Shawn Patrick,23,29,6
Shea Matthew,26,32,6
James Edward,24,30,6
Dennis Dean,27,33,6
Luke Anthony,24,30,6
Andrew Jay,24,30,6
Michel,25,31,6
Runelvys Antonio,24,30,6
Jonathan Alejandro,24,30,6
Yoslan,27,33,6
Olaf,123,129,6
John Michael,21,27,6
Scott Mathew,24,30,6
Charles Robert,22,28,6
Edward Marvin,122,128,6
David Wallace,25,31,6
Thomas Earl,22,28,6
Joshua M.,121,127,6
David Donald,22,28,6
Ernest Guy,126,132,6
Mark Alan,25,31,6
Joseph Neal,22,28,6
Christopher Charles,26,32,6
Richard Fred,21,27,6
David Shelley,28,34,6
Jesse Herbert,127,133,6
Thomas Edward,125,131,6
Trent John,24,30,6
Erubiel,25,31,6
Angel Santos,25,31,6
Malcolm Wayne,121,127,6
Henry Propert,20,26,6
Theodore Harrison,124,130,6
Todd Ruben,23,29,6
Johnny,22,28,6
Nelson,25,31,6
William Elmer,132,138,6
Joffre James,124,130,6
John Melvin,25,31,6
Edward Carlton,21,27,6
Peter Harvey,25,31,6
Edward M.,23,29,6
Sean Casey,23,29,6
Kalvoski,23,29,6
Tolbert Percy,125,131,6
George Anthony,23,29,6
John Sheldon,21,27,6
Timothy Leo,24,30,6
Earle Harry,20,26,6
Patrick E.,23,29,6
Richard Allen,27,33,6
Jose Luis,23,29,6
Tomas Agramonte,22,28,6
John Michael,27,33,6
Hiram Kyle,22,28,6
Mark Christopher,21,27,6
Alfonzo DeFord,126,132,6
Isaac Marion,124,130,6
Jason Thomas,22,28,6
Christopher Lyn,22,28,6
William Chester,25,31,6
Brooks Litchfield,28,34,6
Steven Montague,22,28,6
Brian John,25,31,6
Humberto Figueroa,22,28,6
Robert Jackson,121,127,6
Francis Joseph,124,130,6
Roy Elliot,23,29,6
Edward Ernest,127,133,6
Timothy Lyle,26,32,6
Kevin Michael,19,25,6
Ray Williston,122,128,6
Hubert B.,22,28,6
Steven Michael,24,30,6
David Carter,23,29,6
Leonard Leslie,123,129,6
Richard Roy,25,31,6
Thomas Bernard,23,29,6
Alexander,25,31,6
Albert George,125,131,6
Phillip Douglas,26,32,6
David Eugene,18,24,6
Howard Roddy,28,34,6
Melvin Earl,27,33,6
Robert Cale,24,30,6
Leon Wilbur,127,133,6
Robert Edward,24,30,6
George W.,122,128,6
Robert,23,29,6
Andujar,21,27,6
Francisco,22,28,6
John Joseph,25,31,6
Domingo Antonio,25,31,6
Gustavo Adolfo,24,30,6
Jesse David,25,31,6
William Hogan,127,133,6
Kelvin Keith,23,29,6
Russell Ormand,125,131,6
Ryan Matthew,26,32,6
Angelo Dominic,26,32,6
Jason Kyle,23,29,6
Lee William,24,30,6
James Edward,25,31,6
Charles Columbus,25,31,6
Leo David,123,129,6
Merritt Patrick,125,131,6
Enrique Nomar,28,34,6
Leon James,22,28,6
Paul Warren,120,126,6
Daniel Maurice,22,28,6
Cornelius,126,132,6
David Monroe,121,127,6
Clarence Geoghan,20,26,6
Charles B.,25,31,6
Marcus Elmore,24,30,6
Douglas Lee,23,29,6
John David,27,33,6
Albert C.,124,130,6
John Duncan,125,131,6
Herbert Paul,122,128,6
Michael Roswell,27,33,6
Robert Schley,124,130,6
Salome,25,31,6
Bruce Michael,26,32,6
Louis Joseph,25,31,6
David Scott,28,34,6
Alfred Stanley,125,131,6
Dennis John,23,29,6
Francis LeBron,23,29,6
Juan,21,27,6
Kevin Robert,21,27,6
Roy Chester,128,134,6
Denny M.,22,28,6
Charles John,126,132,6
Frederick Thomas,123,129,6
Carroll Wayne,20,26,6
Howard William,27,33,6
Alfredo,26,32,6
Harry Terrell,122,128,6
Robert Michael,24,30,6
James David,24,30,6
Morris Woodrow,124,130,6
Samuel Lester,126,132,6
Joseph Salvatore,23,29,6
George Joseph,23,29,6
Baldomero Melo,120,126,6
Armando,27,33,6
Gary Martin,24,30,6
Robert Gray,24,30,6
John Chad,24,30,6
Artemus Ward,126,132,6
Lloyd Cecil,19,25,6
Gary Wayne,22,28,6
Rick Gerald,24,30,6
Martin Gordon,121,127,6
Kenneth Joseph,26,32,6
Billy Manual,22,28,6
Keith Rowe,24,30,6
John Thomas,20,26,6
Lore Verne,124,130,6
Michael Joseph,24,30,6
Burke Heinrich,25,31,6
Michael Anthony,27,33,6
Stanley Joseph,122,128,6
Robert Carl,22,28,6
James Lea,21,27,6
Bradley James,23,29,6
Jack William,23,29,6
Joseph A.,26,32,6
William Morgan,124,130,6
Frank Stephen,122,128,6
Adam Gino,24,30,6
Douglas Howell,28,34,6
Rogearvin Argelo,24,30,6
Herman A.,129,135,6
Frank Louis,20,26,6
Clarence Waldo,130,136,6
Norman Doxie,125,131,6
Gregor Miguel,25,31,6
Homer,120,126,6
Dennis Herman,20,26,6
Edward James,26,32,6
Richard Alan,23,29,6
Foster Edwin,120,126,6
Henry John,126,132,6
Amos Smith,28,34,6
Juan Guillermo,25,31,6
Milton Joseph,22,28,6
Stewart O'Neal,124,130,6
Bernard Anthony,123,129,6
Edward Francis,23,29,6
Jason Jerrod,26,32,6
Richard Alan,23,29,6
Frederick Oscar,129,135,6
William Paul,23,29,6
Glenn Erick,24,30,6
Albert,120,126,6
Thomas William,22,28,6
Ralph Francis,121,127,6
Samuel Edward,25,31,6
Edward Oliver,23,29,6
Terry Charles,25,31,6
James Eric,27,33,6
Kirk Matthew,29,35,6
Francisley,27,33,6
Ryan Adrien,24,30,6
Jason Patrick,27,33,6
Donald Thomas,22,28,6
Frederick Duff,124,130,6
Edward James,125,131,6
John Irving,123,129,6
John Daniel,23,29,6
Edward Frank,28,34,6
Frank Andrew,25,31,6
Fernando Jose,23,29,6
John Albert,122,128,6
Robert Frank John,23,29,6
Rogers Lee,25,31,6
Robert Murray,119,125,6
Kevin Lee,23,29,6
Jay Allen,21,27,6
Eric Kevin,25,31,6
Earle Francis,136,142,6
Reid Michael,22,28,6
James Ehrenfeld,24,30,6
Marshall,28,34,6
William Robert,25,31,6
Jack,21,27,6
Benjamin Isaac,26,32,6
Don Gilberto,125,131,6
Ronald Everett,21,27,6
William Henry,24,30,6
Thomas Bubba,26,32,6
Kenneth Wayne,124,130,6
Timothy Lee,25,31,6
Richard Carl,22,28,6
Eric Gordon,124,130,6
Jay Lindsey,22,28,6
Kerry Jerome,22,28,6
Rupert Lockhart,123,129,6
James Francis,126,132,6
Mark Radford,23,29,6
Danny Leon,23,29,6
Cecil Porter,121,127,6
Robert,124,130,6
Edward John,24,30,6
Julio Enrique,22,28,6
Russell,127,133,6
Quilvio Alberto,24,30,6
William Dion,26,32,6
William Walter,22,28,6
Robert Alexander,124,130,6
William Michael,128,134,6
Marc Christopher,24,30,6
Luis Adan,23,29,6
Jose Lopez,21,27,6
Hilario,26,32,6
Douglas Michael,22,28,6
John David,26,32,6
Joseph Paul,26,32,6
James,25,31,6
Duane Allen,25,31,6
James Hiram,121,127,6
Milton Douglas,24,30,6
Harry Eugene,20,26,6
McKinley Davis,122,128,6
Donald Paul,26,32,6
Jacob,130,136,6
George Archibald,130,136,6
John Reaves,122,128,6
Lester Elmer,127,133,6
William B.,23,29,6
Brandon Tyler,24,30,6
Arthur Coggshall,123,129,6
Victor Manuel,26,32,6
Michael Justin,24,30,6
Paul Vernon,127,133,6
Brad Gregory,29,35,6
Edward Harrison,122,128,6
Robert Fulton,123,129,6
Robert Lee,26,32,6
William Franklin,20,26,6
Alan Anthony,23,29,6
Albert,125,131,6
David Aaron,22,28,6
Parke Asel,26,32,6
Kristopher Kyle,24,30,6
Max,124,130,6
James Head,123,129,6
Claude William,127,133,6
Theodore Carl,25,31,6
Robert Louis,25,31,6
Craig Alan,25,31,6
Steven Larry,22,28,6
Ross Garrett,25,31,6
Roger Francis,130,136,6
Tracy Michael,25,31,6
Orville Francis,128,134,6
James,22,28,6
Jacob,24,30,6
Charles Carroll,124,130,6
James Harlan,23,29,6
Irving Melrose,128,134,6
Delmer John,124,130,6
Richard James,25,31,6
Dequam LaWesley,23,29,6
Samuel,27,33,6
Wayne Bromley,122,128,6
William Henry,36,42,6
John Joel,123,129,6
Joshua Matthew,23,29,6
Vincent Antonio,26,32,6
Floyd Robert,22,28,6
Francis Clinton,126,132,6
Garry Earl,23,29,6
George Anthony,127,133,6
Armando,30,36,6
Adam Marcos,25,31,6
John,24,30,6
Sergio Francisco,25,31,6
Kevin Andrew,24,30,6
Gabriel,25,31,6
Brian Lee,28,34,6
Jesus Paulino,24,30,6
Takashi,36,42,6
Jeffrey Alan,23,29,6
Edward Roman,29,35,6
Kirk Craig,23,29,6
Edward,124,130,6
Nelson Gil,26,32,6
Victor Irving,25,31,6
Pablo Emilio,22,28,6
Scott Gerald,24,30,6
Frank-Paul,28,34,6
John Doward,123,129,6
Guerrant McCurdy,23,29,6
Christopher Verdell,27,33,6
Michael Edward,126,132,6
Alfredo,27,33,6
David Michael,25,31,6
Brian Patrick,26,32,6
Jose Leonel,23,29,6
Zachary Taylor,18,24,6
Walter Dedaker,123,129,6
Wilmer Ebert,27,33,6
Jonathan Taylor,26,32,6
Daniel Charles,125,131,6
Andrew Mark,25,31,6
Norman John,122,128,6
Charles John,123,129,6
Daniel Louis,21,27,6
Maxwell M.,24,30,6
Victor Joseph,124,130,6
William Joseph,24,30,6
David Paul,26,32,6
Donald Arthur,21,27,6
Donald Bernard,25,31,6
Edward William,18,24,6
Jimmy Dale,26,32,6
Kevin John,24,30,6
James Patrick,120,126,6
Frank Edward,128,134,6
Timothy Dale,25,31,6
Keiunta Denard,24,30,6
Joseph Blase,22,28,6
Ryan Adam,26,32,6
Michael Shane,26,32,6
Byron Franklin,127,133,6
Evan Tracy,23,29,6
Jason Wayne,23,29,6
Paul Nikola,24,30,6
David James,24,30,6
Andrew Neal,28,34,6
David Leslie,26,32,6
David William,24,30,6
Julio Cesar,23,29,6
Gerald George,23,29,6
Frank Thomas,22,28,6
Travis James,20,26,6
Christopher Doyle,21,27,6
Ian Dante,23,29,6
Earl Leonard,125,131,6
Yale Yeastman,123,129,6
Douglas,26,32,6
Craig Richard,26,32,6
Billy Edward,22,28,6
Makoto,21,27,6
Joe,125,131,6
Harry Ronald,24,30,6
Ricky L.,26,32,6
Robert Lyle,24,30,6
Richard Lewis,24,30,6
George Andrew,23,29,6
Ralph Vivian,125,131,6
James Ray,25,31,6
V T,122,128,6
Willy,23,29,6
Jon Michael,24,30,6
Stephen Albert,126,132,6
Robinson Garcia,23,29,6
Michael,23,29,6
Taylor Hill,25,31,6
Mark Thomas,24,30,6
Zebulon Alexander,125,131,6
Charles Monroe,124,130,6
Thomas John,25,31,6
Felix Thaddeus,124,130,6
Jose Prado,27,33,6
Robert Joseph,25,31,6
Calvin Gregory,22,28,6
Wendell Errol,24,30,6
Arthur,22,28,6
Gary Wayne,24,30,6
Mitchell William,24,30,6
James Thomas,25,31,6
Philip Anthony,23,29,6
Robert Paul,125,131,6
Carlos Luis,27,33,6
Charles Fuqua,25,31,6
John Alfred,124,130,6
Charles Kennon,123,129,6
David Lewis,24,30,6
Michael Paul,24,30,6
Justin Daniel,23,29,6
Norberto Enrique,27,33,6
Kazuo,29,35,6
Walter Joseph,125,131,6
Leonard James,27,33,6
Luis David,22,28,6
Gregory Inman,24,30,6
James Walter,127,133,6
James Clement,24,30,6
Philip Francis,23,29,6
Antonio Felipe,23,29,6
Jeffrey David,25,31,6
Richie Todd,26,32,6
Frederick Deshaun,26,32,6
James Martin,24,30,6
Allan Sydney,26,32,6
Joseph Howard,121,127,6
Brian Herbert,25,31,6
Joseph Henry,24,30,6
Louis Alfred,128,134,6
Wilfred Henry,123,129,6
Ernest Holford,121,127,6
Harold Burnham,125,131,6
Wade Matthew,24,30,6
Thomas Augustus,121,127,6
Evan Michael,23,29,6
William Douglas,25,31,6
Mendy,25,31,6
Mark Travis,26,32,6
William Timothy,24,30,6
Thomas Joseph,21,27,6
Duane Frederick,26,32,6
Harry Pratt,21,27,6
Alvin David,22,28,6
Harry Garfield,124,130,6
John Charles,119,125,6
Edward Paul,121,127,6
Jonathan Sean,26,32,6
Jed Carlson,24,30,6
Martin Joseph,124,130,6
Walter Thomas,24,30,6
Timothy Allen,25,31,6
Archie Richard,126,132,6
Casey Michael,26,32,6
William Vaness,17,23,6
Orlando de Jesus,24,30,6
William John,20,26,6
Michael Seth,22,28,6
Emmet,118,124,6
James Eugene,119,125,6
Kenneth Faye,24,30,6
Reuben Franklin,124,130,6
Luis Alonso,24,30,6
Frank,28,34,6
Leonard Richard,124,130,6
Matthew Bates,24,30,6
Daniel Livingston,23,29,6
John Robert,23,29,6
Robert Bernard,25,31,6
James Edward,22,28,6
Evan David,25,31,6
Russell Harlan,123,129,6
Michael Duane,23,29,6
Byron Scott,22,28,6
Fred Drury,123,129,6
Darryl DeWayne,21,27,6
Dustin Aaron,25,31,6
Paul Richard,24,30,6
Edward,22,28,6
Charles Alfred,25,31,6
John Daniel,25,31,6
Lyle Joseph,26,32,6
Jason Louis,26,32,6
Frank Henry,20,26,6
Charles George,121,127,6
Francis Joseph,23,29,6
Richard Charles,123,129,6
Edward Carre,124,130,6
James Francis,123,129,6
Scott Alanboyd,23,29,6
Lloyd Albert,124,130,6
William Wilcy,130,136,6
John Joseph,23,29,6
Dustan Kyle,25,31,6
John Leo,126,132,6
Frederick August,123,129,6
Islay,25,31,6
Ramon Segundo,21,27,6
James Matthew,26,32,6
Travis Eugene,24,30,6
Howard Robinson,124,130,6
John Alexander,124,130,6
Dyar K.,29,35,6
Edwin Collins,124,130,6
Harold Arthur,126,132,6
John,23,29,6
Adalberto,22,28,6
Richard J.,35,41,6
David Wayne,23,29,6
Daryl Alan,25,31,6
Roger Allen,25,31,6
David Lee,28,34,6
Roy Lewis,125,131,6
Michael George,23,29,6
Kenneth Brian,24,30,6
Christopher Ralph,23,29,6
John Patrick,26,32,6
Clifton Randolph,24,30,6
Roberto Cesar,28,34,6
Geronimo,23,29,6
Rafael Jerome,24,30,6
Broderick Phillip,24,30,6
Herbert Scott,124,130,6
Philippe Rausac,123,129,6
James Franklin,29,35,6
Kelly Jay,25,31,6
Casey Robert,27,33,6
Harry William,23,29,6
Robert Allen,24,30,6
Richard Alan,27,33,6
John Joseph,23,29,6
Joseph Charles,125,131,6
Randall Jeffrey,24,30,6
Karl Arthur,21,27,6
Michael Lee,25,31,6
Michael Joyce,124,130,6
Joshua Stephen,24,30,6
Martin James,120,126,6
Alfonso,25,31,6
James Champlin,126,132,6
John Bode,122,128,6
Larry Sidney,22,28,6
Joseph Rudolph,24,30,6
Winfield Charles,124,130,6
Jonathon Joseph,22,28,6
Thomas Andrew,24,30,6
Melvin,21,27,6
Jayson Truitt Edward,26,32,6
Nathaniel,23,29,6
Hideki,32,38,6
Curtis Ross,25,31,6
Peter J.,124,130,6
John Thomas,23,29,6
William Smith,24,30,6
Ennis Telfair,126,132,6
Preston Michael,25,31,6
Jack William,23,29,6
Darren Christopher,26,32,6
Henry M.,25,31,6
Chester Raymond,129,135,6
John Henry,125,131,6
Calvin Amandus,28,34,6
Ronald Alvin,22,28,6
James Edwin,21,27,6
William Harrison,125,131,6
William Taylor,124,130,6
Pedro Javier,22,28,6
Daniel Thomas,23,29,6
Cornelius B.,21,27,6
Christopher Thomas,23,29,6
Clayton Anthony,26,32,6
Peter Irvine,22,28,6
William Britt,27,33,6
Kenneth Lee,23,29,6
Robert Allen,22,28,6
Frank Carl,130,136,6
Thomas Henry,124,130,6
Christopher Michael,24,30,6
Henry Peter,26,32,6
Harold Eugene,23,29,6
William Beneditto,29,35,6
Culley,127,133,6
Lewis Elmer,127,133,6
William Charles,25,31,6
Matthew Paul,20,26,6
David Alan,23,29,6
Preston James,122,128,6
Earl John,22,28,6
Eduardo,21,27,6
Francisco,23,29,6
Luis Orlando,25,31,6
Nerio,25,31,6
Sean John,23,29,6
William Morris,119,125,6
Felix,22,28,6
Paul Anthony,27,33,6
Marr B.,27,33,6
Jason Lloyd,25,31,6
Charles Gene,23,29,6
Charles Thomas,126,132,6
Ronald Jacques,25,31,6
Thomas Harold,24,30,6
James Niels,123,129,6
Gregorio Jesus,24,30,6
Francis Xavier,123,129,6
Raymond Clifford,127,133,6
John Sigmund,120,126,6
Raymond Herman,121,127,6
Brady John,25,31,6
Julio Cesar,22,28,6
Alexei Fernando,27,33,6
Roberto,23,29,6
John Andrew,22,28,6
Thomas Raymond,22,28,6
Ewald,129,135,6
Bret Randolph,24,30,6
James Thompson,127,133,6
Jason Orville,25,31,6
Ariel,26,32,6
William Patrick,122,128,6
Harvey Jerome,24,30,6
George Lawrence,123,129,6
David Taylor,23,29,6
William Brian,25,31,6
Arnold Mario,23,29,6
Louis William,28,33,5
Hosken,23,28,5
Michael Thomas,126,131,5
John Calvin,26,31,5
Timothy Dean,25,30,5
David Kent,26,31,5
John Nolan,22,27,5
Thomas Francis,18,23,5
Francis Ralph,26,31,5
Carlos Narcis,23,28,5
Cesar,25,30,5
Orlando,23,28,5
Mario,23,28,5
Charles David,25,30,5
Frederick Alfred,21,26,5
Aaron Andermon,23,28,5
Richard Twilley,128,133,5
Gerald Dempsey,22,27,5
Richard Henry,23,28,5
Hugh Reid,133,138,5
William,24,29,5
Lee Patrick Thomas,23,28,5
Alfred James,26,31,5
Cornelius Carmen,31,36,5
Arthur Thomas,123,128,5
Charles Edward,23,28,5
Joseph Benjamin,28,33,5
Victor Manuel,23,28,5
Fernando,25,30,5
Henry Alberto,22,27,5
John Loy,24,29,5
Shane Michael,25,30,5
Humberto Valentino,25,30,5
Jeffrey Mark,26,31,5
Joseph Albert Armand,124,129,5
Willis Augusto,24,29,5
William Joseph,21,26,5
Craig George,24,29,5
Richard Paul,22,27,5
Richard Wayne,25,30,5
Roger Royce,25,30,5
Armando,27,32,5
Wallace Reid,22,27,5
Wilbur Charles,128,133,5
Emory Elmo,125,130,5
Woodrow Earl,123,128,5
John Richard,25,30,5
Lee Edward,23,28,5
Michael Jerome,23,28,5
Kevin Michael,24,29,5
Nolan G.,26,31,5
Dennis Joseph,23,28,5
Clayton Colby,25,30,5
Karl Derrick,22,27,5
Gregory Adam,23,28,5
William Joshua,22,27,5
Robert Edwin,122,127,5
William Wright,127,132,5
Colby Ryan,23,28,5
Thomas H.,21,26,5
Peter Daniel,24,29,5
Calvin Duane,28,33,5
Heath Robertson,24,29,5
Christopher William,23,28,5
Aaron Kenneth,22,27,5
Michael Timothy,21,26,5
George D.,24,29,5
Ralph Edward,123,128,5
Larry,21,26,5
Robert Marcel,27,32,5
Raymond Edmond,26,31,5
Michael John,122,127,5
John Henry,21,26,5
Joseph Hunt,20,25,5
Marc Alexander,21,26,5
John Charles,126,131,5
Carl Edward,24,29,5
Fred,123,128,5
Frederick William,20,25,5
Michael Patrick,26,31,5
Wesley Mitchell,26,31,5
Edward Joseph,23,28,5
William Darby,24,29,5
Chad Wayne,24,29,5
Daniel,23,28,5
Federico Emilio,33,38,5
Garrett Andrew,24,29,5
Scott Matthew,21,26,5
Dustin David,24,29,5
John Albert,129,134,5
Jonathan Keith,24,29,5
Louis Alexander,126,131,5
David Stefan,24,29,5
Timothy Charles,25,30,5
Daniel Edmund,22,27,5
Milton Darrell,22,27,5
Sean Daniel,22,27,5
Dave,25,30,5
John James,124,129,5
Kevin Leonard,25,30,5
James Vo,23,28,5
Gerardo Enrique,22,27,5
James Clayton,25,30,5
Karl Douglas,23,28,5
Dennis Ray,24,29,5
Lowell Raymond,22,27,5
Matthew Thomas,27,32,5
Raymond Francis,27,32,5
Micah Burton,25,30,5
Christopher Michael,24,29,5
William Andrew,120,125,5
William Patrick,26,31,5
Ramon Antonio,24,29,5
Ramiro Gauna,24,29,5
Hayden Andrew,21,26,5
Brad Lee,24,29,5
Carlos Gross,24,29,5
James Elsworth,21,26,5
John Hollis,24,29,5
Xavier Brooks,24,29,5
Roy Robert,126,131,5
Frederick Thomas,126,131,5
George Thomas,124,129,5
Jose Manuel,24,29,5
Everett,26,31,5
Bradley Aaron,24,29,5
John Ernest,21,26,5
Frank Aloyvisous,19,24,5
Kurt Everett,22,27,5
Lastings Darnell,21,26,5
Otis Louis,126,131,5
Paul Michael,26,31,5
Robert McKasha,21,26,5
Robert Vance,27,32,5
Patrick Theodore Joseph,25,30,5
Blas,26,31,5
Tommy Joe,24,29,5
Charles Barthell,125,130,5
Robert Barry,22,27,5
William Austin,124,129,5
Luke,25,30,5
Adam Ross,25,30,5
Willard Blackmer,133,138,5
William Lee,121,126,5
Joseph Michael,29,34,5
Orber,22,27,5
Raymond Earl,125,130,5
Billy Arnold,27,32,5
Walter Frederick,125,130,5
Patrick Howard,123,128,5
Brandon Edward,25,30,5
George Clinton,25,30,5
William Patrick,120,125,5
Robert Andrew,23,28,5
Michael Robert,19,24,5
Alexander,122,127,5
Charles Walter,125,130,5
Henry Felipe,23,28,5
Olise Cla,22,27,5
Mitchell Wade,25,30,5
Samuel Elias,24,29,5
Mark D.,24,29,5
Francisco Javier,20,25,5
John Dickson,24,29,5
Thomas Raymond,129,134,5
Kyle William,24,29,5
Hervey McDowell,125,130,5
Andrew Stefan,23,28,5
Daniel Thomas,27,32,5
Daniel Eugene,25,30,5
James Zell,24,29,5
William Henry,22,27,5
George Washington,28,33,5
Warren Edward,26,31,5
John Charles,22,27,5
Harold Leroy,121,126,5
Jefferson Alan,26,31,5
John Joseph,122,127,5
Mickey C.,21,26,5
Ryan Byron,26,31,5
Thomas Patrick,122,127,5
Rafael Urbano,23,28,5
Ray Wesley,121,126,5
Joseph Earl,123,128,5
Japhet Monroe,126,131,5
Kevin Christian,25,30,5
Adam A.,22,27,5
Carlton Edward,25,30,5
Richard Frank,24,29,5
Jon Gregory,25,30,5
Jack Napier,23,28,5
Jose Manuel,25,30,5
Aquilino,28,33,5
Wilton,26,31,5
Scott Gregory,24,29,5
Stephen Paul,25,30,5
Aaron David,24,29,5
David Emmer,26,31,5
Charles Larry,27,32,5
Christopher A.,25,30,5
Louis Paul,126,131,5
Barry Lee,25,30,5
Anthony Allen,23,28,5
Mark David,26,31,5
David Paul,26,31,5
Maximino,23,28,5
John Frank,124,129,5
Frederick Miller,23,28,5
Emil Henry,125,130,5
Roy Reid,123,128,5
Brent Stuart,25,30,5
Larry,24,29,5
Edward Karl,122,127,5
Patrick Alan,25,30,5
Paul Michael,24,29,5
Albert C.,20,25,5
Vincent Michael,23,28,5
Melvin Leonard,121,126,5
John Claiborn,26,31,5
Ruben Amaury,21,26,5
John Thomas,24,29,5
Henry Antonio,25,30,5
Julio Cesar,25,30,5
Scott William,22,27,5
Nelson Elmer,19,24,5
Brian Robert,22,27,5
Michael Scott,27,32,5
Raymond Joseph,118,123,5
Elwood Good,124,129,5
Shairon Martis,21,26,5
Donald Renie,24,29,5
William Riddle,129,134,5
Charles W.,24,29,5
Louis Glenn,22,27,5
Richard Burton,22,27,5
Michael Warren,25,30,5
Michael R.,21,26,5
Thomas Edward,24,29,5
Jeffrey Michael,24,29,5
James H.,22,27,5
Frederick Charles,124,129,5
Robbin Dale,23,28,5
Robert Edward,26,31,5
Jose Manuel,20,25,5
Fred J.,24,29,5
James Baugh,122,127,5
Harold Carl,124,129,5
Michael John,28,33,5
Harl Vestin,124,129,5
Edward William,124,129,5
Richard Eugene,27,32,5
Kenneth Purvis,26,31,5
Joseph,19,24,5
David William,27,32,5
John Kinley,22,27,5
Scott Ray,27,32,5
Lancelot,129,134,5
Reginald Tremain,23,28,5
Samuel Douglas,25,30,5
Junichi,23,28,5
Dale Scott,29,34,5
Morris Benton,24,29,5
Joshua Michael,23,28,5
Andres Perez,22,27,5
Michael Clete,25,30,5
Ricky Joe,26,31,5
Anthony Ray,24,29,5
Leonard Brodbeck,123,128,5
Jeffrey Eugene,28,33,5
Carl Means,24,29,5
Joe Cephus,28,33,5
Kenneth Ray,25,30,5
Edward Christopher,25,30,5
Theodore Nash,19,24,5
Willie,25,30,5
Jack Gerard,27,32,5
Pedro Angel,24,29,5
Edwin Marvin,27,32,5
Robert Andrew,25,30,5
Brent Terry,24,29,5
John Peter,22,27,5
Marc Cooper,24,29,5
Cory,26,31,5
Everett James,26,31,5
George Frederick,121,126,5
Charles Joseph,19,24,5
Russell Howard,25,30,5
Ernest Evar,127,132,5
Thomas,24,29,5
Gordon Leigh,126,131,5
William Henry,125,130,5
Vincent Ambrose,126,131,5
Michael Anthony,23,28,5
Paul Leslie,22,27,5
Kyle Ehren,26,31,5
Billy Lee,25,30,5
Adam James,25,30,5
James Walter,124,129,5
Clarence Wright,23,28,5
George Herman,28,33,5
Craig N.,25,30,5
Charles,125,130,5
Scott Edmund,23,28,5
Glenn Edward,123,128,5
Dennis Elwood,122,127,5
Ralph Robert,25,30,5
Christopher Jon,24,29,5
Fernando Alfredo,23,28,5
Robert Bush,24,29,5
Thomas Gordon,125,130,5
Thomas Edward,130,135,5
Walter Anthony,123,128,5
Carroll William,24,29,5
Jae Weong,25,30,5
Theodore Walter,119,124,5
Howard Henry,121,126,5
Michael Ralph,26,31,5
Peter Joseph,119,124,5
Louis W.,22,27,5
Charles,126,131,5
Ryan Nelson,26,31,5
Samuel Elmer,25,30,5
Donald Wellington,23,28,5
Frederick Lander,24,29,5
Bayard Heston,124,129,5
Charles Jessamine,123,128,5
Alvis Newman,123,128,5
Joseph Clark,23,28,5
Roland Frank,25,30,5
Christopher Bob,24,29,5
William Anthony,24,29,5
Francis Leonard,122,127,5
Edward Christopher,121,126,5
John H.,28,33,5
Joseph Todd,26,31,5
Frederic William,124,129,5
Tony Marcel,26,31,5
Michael Robert,24,29,5
William Franklin,126,131,5
George Washington,125,130,5
Jason William,29,34,5
Leslie George,122,127,5
Jordan James,23,28,5
Jeffrey Scott,29,34,5
John Edward,24,29,5
David John,24,29,5
John Henry,126,131,5
Omir,27,32,5
Alan Joel,20,25,5
Michael Edward Brett,23,28,5
William Florine,24,29,5
Marc Walter,24,29,5
Argenis Antonio,22,27,5
Ronald Edward,24,29,5
Alejandro,23,28,5
Enrique,30,35,5
Angel Ramon,26,31,5
Esmil Antonio,24,29,5
Joshua James,26,31,5
Chester James,122,127,5
Claud,123,128,5
Luther Franklin,122,127,5
Victor Joseph,26,31,5
Richard Garnet,26,31,5
John Albert,122,127,5
Tyler Kali,27,32,5
Emil Ogden,124,129,5
Kelly Douglas,28,33,5
John Weldon,122,127,5
Eric Orlando,24,29,5
Anthony Wayne,25,30,5
Edgar Frederick,26,31,5
Richard Martin,23,28,5
Ronald Lawrence,26,31,5
Richard Lee,24,29,5
Frank Russell,124,129,5
William Shawn,28,33,5
Richard Cooper,25,30,5
David Bradley,25,30,5
George Adrian,26,31,5
William Donald,22,27,5
Elliott Taylor,25,30,5
Harold James,123,128,5
James Francis,24,29,5
Stephen Douglas,24,29,5
Edwin Dibrell,120,125,5
Frank Lee,26,31,5
George Erik,26,31,5
Reggie Gene,25,30,5
Kenneth Royal,22,27,5
Matthew Richard,23,28,5
Robert Kitridge,124,129,5
Kemp Caswell,130,135,5
Aldon Jay,127,132,5
Marc Allen,26,31,5
George,27,32,5
Edward Desmond,123,128,5
Jordan M.,23,28,5
Henry Gaylon Matthew,22,27,5
Benjamin Edward,31,36,5
Ryan Christopher,23,28,5
Gary Anthony,27,32,5
Gary Lee,26,31,5
Charles William,128,133,5
Christopher Charles,26,31,5
James Daniel,123,128,5
James Thomas,24,29,5
Larry,21,26,5
Richard Thomas,123,128,5
William Dighton,23,28,5
Charles Evis,120,125,5
Derrick Ramon,24,29,5
Jesse Way,123,128,5
Kevin Michael,24,29,5
Frederick Mitchell,126,131,5
Neil Martin,24,29,5
Gary Edward,25,30,5
Oscar Eduardo,22,27,5
Christopher Kenneth,22,27,5
John L.,23,28,5
George Stephen,24,29,5
Hoke Hayden,122,127,5
Charles William,123,128,5
Firman Newton,124,129,5
Carl Wayne,24,29,5
Leslie Dale,27,32,5
Robert Thomas,24,29,5
James Elton,125,130,5
David William,26,31,5
Michael Timothy,124,129,5
James Charles,125,130,5
Timothy Brian,25,30,5
Justin Matthew,25,30,5
Matthew P.,22,27,5
George A.,26,31,5
Robert George,27,32,5
Koji,34,39,5
George Frederick,122,127,5
James Vernon,23,28,5
Orville Inman,26,31,5
Donald Tyrone,25,30,5
Gilbert Arnulfo,29,34,5
John C.,24,29,5
Jean Louis,125,130,5
Vito John,26,31,5
David Thomas,25,30,5
Henricus Nicolas,22,27,5
Richard Graeme,23,28,5
Richard Neil,27,32,5
Bradley Joseph,23,28,5
Louis,22,27,5
Christopher Steven,21,26,5
James Arthur,126,131,5
Thomas Henry,29,34,5
Osborne Llewellyn,25,30,5
Michael Richard,24,29,5
Leslie William,123,128,5
Andy Lee,27,32,5
Charles Julius,127,132,5
James Richard,27,32,5
Richard Alan,23,28,5
Ramon Jose,25,30,5
Thomas John,22,27,5
James Joseph,23,28,5
John,122,127,5
Louis Eugene,131,136,5
Carlos Ephriam,27,32,5
Anton Christian,125,130,5
Cecil Calvert,23,28,5
Mark Steven,24,29,5
James Warren,23,28,5
John Eric,24,29,5
Charles Ernest,25,30,5
Terrence Christopher,27,32,5
Anthony John,22,27,5
John Joseph,125,130,5
William Raymond,25,30,5
Jamie Chancellor,24,29,5
Grant,25,30,5
Gregory,23,28,5
Anthony Vincent,120,125,5
James Scott,31,36,5
Claiborne Henry,124,129,5
Scott John,24,29,5
Michael Gary,23,28,5
Michael Charles,24,29,5
John Christopher,23,28,5
Isaac,27,32,5
Daniel Alberto,23,28,5
Everth,23,28,5
Martin Eugene,22,27,5
Jose Alberto,25,30,5
Trevor John,21,26,5
Todd Edward,25,30,5
Brian James,25,30,5
Arthur Edward,124,129,5
Charles Sanford,123,128,5
Albert William,123,128,5
Christopher Allen,24,29,5
Travis George,24,29,5
Taylor,25,30,5
Scott Douglas,23,28,5
Bryan Paul,25,30,5
Madison Kyle,20,25,5
Robert McClure,22,27,5
Jason Pernell,26,31,5
Henry J.,24,29,5
Hugh Frederick,125,130,5
Michael Charles,22,27,5
Joseph Edward,24,29,5
Robert Vilarian,24,29,5
Michael Matthew,22,27,5
Elmer Harley,120,125,5
Bruce Armand,22,27,5
Frank Charles,27,32,5
John Edward,122,127,5
Donald Raymond,29,34,5
John Peter,131,136,5
Lute Joseph,123,128,5
Donald Paul,127,132,5
Earl Stuart,120,125,5
Robert Nicholas,25,30,5
Harry Cooper,20,25,5
Lance Robert,25,30,5
Kyle Nathaniel,23,28,5
Joseph,28,33,5
Douglas Eugene,25,30,5
Mitchell Thomas,24,29,5
Karl Jon,24,29,5
Roland Americo,22,27,5
Timothy Dean,25,30,5
Delphia Louis,129,134,5
Hiram Gabriel,126,131,5
Larry Robert,24,29,5
Harry Lee,123,128,5
Elvis Augusto,21,26,5
Gregori Emilio,26,31,5
Stephen Ralph,24,29,5
Christopher Paul,24,29,5
Harry John,123,128,5
James Drew,23,28,5
Brett Franklin,21,26,5
Alfred Walton,127,132,5
Allan Lee,22,27,5
John Berton,26,31,5
Willy Del Jesus,22,27,5
Alexander Thomas,22,27,5
Michael James,23,28,5
Brian Hanly,23,28,5
Kenneth Lowther,124,129,5
David Bruce,25,30,5
Walter Ernest,121,126,5
Eliezer Jesus,27,32,5
Arthur Algernon,22,27,5
Myron Smith,29,34,5
Roderick Bernet,24,29,5
Frank Leon,124,129,5
David Tilden,130,135,5
Edward John,123,128,5
Darrel Wayne,24,29,5
Jonathan,25,30,5
Michael Troy,24,29,5
David George,20,25,5
Jonathan Scott,26,31,5
Russ Moore,24,29,5
Shawn Wesley,21,26,5
Lawrence Kyle,23,28,5
Fausto Andres,29,34,5
Ace Townsend,131,136,5
Manuel Alcides,26,31,5
Baldomero Pedro,117,122,5
Zinn Bertram,128,133,5
Clyde Eugene,126,131,5
Aloysius Frank,127,132,5
James Gordon,23,28,5
George W.,23,28,5
Robert Brooks,27,32,5
John Woolf,131,136,5
Walter Esau,125,130,5
Beveric Benton,125,130,5
William Lamar,22,27,5
Ronald J.,27,32,5
Trevor Daniel,23,28,5
Esteban,24,29,5
David Jeffrey,24,29,5
John Henne,121,126,5
Jason Chris,24,29,5
Peter Francis,22,27,5
Samuel W.,26,31,5
Kimera Anotchi,24,29,5
Randy William,23,28,5
Antonio Francisco,24,29,5
Kimothy Emil,23,28,5
Steven Byrne,22,27,5
Howard Douglas,124,129,5
Bret Edward,24,29,5
Raymond Douglas,23,28,5
William Joseph,123,128,5
Richard Lee,23,28,5
Charles Emmett,122,127,5
Brett Michael,25,30,5
Christopher Michael,23,28,5
Carlos Luis,22,27,5
Michael Christopher,24,29,5
William Gilthorpe,125,130,5
Guy Dewey,121,126,5
Douglas Edmund,24,29,5
Alva Warren,28,33,5
Michael Wayne,28,33,5
Emory Nicholas,26,31,5
Ryan Alan,24,29,5
Robert William,24,29,5
Felix George,123,128,5
Louis Peo,124,129,5
Jhoulys Jose,21,26,5
Brett Aarion,23,28,5
Arthur Edward,25,30,5
Wesley Polk,24,29,5
John Anthony,25,30,5
Clydell,121,126,5
Arthur Hamilton,25,30,5
Daniel Curren,128,133,5
Rickey Charles,21,26,5
John Bradley,24,29,5
Chester Spurgeon,122,127,5
Jeffrey Burton,24,29,5
David Bruce,20,25,5
Clarence,24,29,5
Walter Gary,24,29,5
Franklin,23,28,5
Christopher B.,24,29,5
Harry Wayne,23,28,5
Ralph Remick,123,128,5
Robert Pasquali,22,27,5
Tyler Eugene,24,29,5
Frank Lloyd,124,129,5
Orth Stein,124,129,5
Harry Francis,122,127,5
Clarence Calvert,119,124,5
Joseph Alan,24,29,5
Roy George,124,129,5
Michael Patrick,23,28,5
John Michael,123,128,5
Carlos Fernando,25,30,5
Jonathan Reid,25,30,5
Scott Robert,23,28,5
John Thomas,22,27,5
James P.,26,31,5
William Millar,127,132,5
Ralph Fenton,127,132,5
Charles Frederick,22,27,5
Wade Allen,24,29,5
Richard Earl,24,29,5
Harry Albert,124,129,5
David W.,124,129,5
John Mark,25,30,5
Daniel William,24,29,5
Manuel,23,28,5
Arthur Dewey,127,132,5
William George,126,131,5
John Stephen,21,26,5
Jeffrey Linden,23,28,5
Arthur Rue,128,133,5
Henry Nicholas,126,131,5
Delbert Leon,124,129,5
William Arthur,24,29,5
George Harold,122,127,5
Hugh Ignatius,35,40,5
Lonnie Paul,24,29,5
Matthew Thomas,27,32,5
Emmett Eugene,122,127,5
Felipe Javier,23,28,5
Stanley Timothy,26,31,5
Steven Keith,23,28,5
Clifford Rankin,127,132,5
James Frederick,23,28,5
Luis Alfonso,24,29,5
Roy Maxton,124,129,5
Luis Ivan,29,34,5
Manuel,122,127,5
Victor Manuel,21,26,5
William Moffat,22,27,5
James Henry,121,126,5
Edwin Hawley,123,128,5
John S.,24,29,5
Albert George,124,129,5
Louis Staub,127,132,5
Joseph Vann,23,28,5
Benjamin Franklin,121,126,5
Jerome Mathew,25,30,5
James Robert,29,34,5
Michael Glen,24,29,5
Todd Franklin,22,27,5
Michael Dennis,25,30,5
Jerome Willis,124,129,5
William Carl,123,128,5
Kelly Daniel,24,29,5
Robert Alan,21,26,5
Ryan Thomas,25,30,5
Thomas Earl,25,30,5
Brian Matthew,26,31,5
Travis Corey,31,36,5
Michael Anthony,23,28,5
Blake Robert,23,28,5
Robert Daniel,20,25,5
Walter Raleigh,132,137,5
George Emerson,122,127,5
Ian M.,24,29,5
Alva Russell,128,133,5
Joseph,21,26,5
John Douglas,24,29,5
Leonard Edward,25,30,5
Craig Allen,26,31,5
John,23,28,5
John Henry,123,128,5
James Edward,25,30,5
James Augustus,24,29,5
Ronald Jeffrey,24,29,5
Robert Frederic,25,30,5
Thomas Kenneth,27,32,5
James Harding,21,26,5
Oscar Eduardo,23,28,5
Chad Bruce,22,27,5
Anderson Mejia,23,28,5
Luis Armando,23,28,5
Nathan Woodhull,27,32,5
James Gregory,25,30,5
Walter Frank,122,127,5
Hugh Jenkin,126,131,5
Robert Nelson,28,33,5
Brian John,26,31,5
Christopher Michael,25,30,5
Derek Lane,23,28,5
James Urban,24,29,5
Hideki,28,33,5
Albert John,20,25,5
Joseph Steven,28,33,5
Cleo Joel,28,33,5
Charles Wesley,23,28,5
Paul Ryan,26,31,5
James Benner,124,129,5
Henry W.,128,133,5
Stanley,24,29,5
Robin Christopher,24,29,5
John,25,30,5
Joseph Daniel,124,129,5
Alfonso,26,31,5
James Douglas,24,29,5
Frank Herbert,24,29,5
Donald Spore,132,137,5
Christopher Dalton,25,30,5
Clifford,31,36,5
Wilbur Leon,24,29,5
Kenneth Paul,30,35,5
John Raymond,28,33,5
Dann Paul John,25,30,5
Bruce Ernest,20,25,5
James Rodger,24,29,5
William Fenton,127,132,5
Gordon William,25,30,5
Herbert Harrison,121,126,5
Kenneth Lawrence,25,30,5
James Neamon,23,28,5
Mark Steven,23,28,5
Timothy James,23,28,5
Albert,130,135,5
Daniel Claiborne,22,27,5
Luke Stephen,25,30,5
David Gregory,25,30,5
James Robert,29,34,5
Ellis Walter,120,125,5
Jonathan Kent,24,29,5
Michael Carl,21,26,5
William Timothy,26,31,5
Tracy Donald,25,30,5
Joseph Stacy,24,29,5
Terry Lee,25,30,5
Matthew Dean,28,33,5
Randall Scott,24,29,5
Edwin,123,128,5
Alfred Henry,26,31,5
Kenneth Peter,121,126,5
Steven George,24,29,5
Sun-Woo,24,29,5
Matthew John,24,29,5
Walter William,125,130,5
Michael Arthur,25,30,5
Edward William,125,130,5
Charles Gilbert,24,29,5
Charles Patrick,22,27,5
Constantine Nicholas,19,24,5
Joseph William,22,27,5
William Jennings,126,131,5
Edward Joseph,120,125,5
Steven William,21,26,5
Theodore Stanley,19,24,5
James Ward,123,128,5
Robert Charles,33,38,5
Robert Francis,125,130,5
David Edwin,120,125,5
George Washington,19,24,5
William Gorman,124,129,5
Kenneth Alphonso,21,26,5
Michael Raymond,24,29,5
Joseph Henry,128,133,5
John Francis,20,25,5
Shawn Andrew,25,30,5
Elmer Russell,127,132,5
Robert Christian,22,27,5
William Christopher,25,30,5
Daniel Victor,23,28,5
Gary Melvin,23,28,5
John Charles,23,28,5
Raymond Allen,25,30,5
Howard Dean,23,28,5
Stephen Joseph,22,27,5
Gene William,24,29,5
Marvin,21,26,5
Joseph Henry,127,132,5
Pierre,129,134,5
Mathew A.,22,27,5
James Sanford,128,133,5
Luis Enrique,23,28,5
Frederick Francis,121,126,5
Norman Howard John,28,33,5
William Patrick,122,127,5
Christopher Paul,27,32,5
Keith Michael,24,29,5
William Joseph,23,28,5
Wayne Maurice,24,29,5
Enrique Cesar,24,29,5
Denio Mariano,21,26,5
Jeremy Dean,24,29,5
John Russell,28,33,5
Albert,126,131,5
Robert Peter,27,32,5
William Briley,21,26,5
Lucas John,25,30,5
Fred Allen,26,31,5
Kent,122,127,5
Sean William,27,32,5
Tyler Scott,23,28,5
Andrew Mulligan,27,32,5
Gary George,25,30,5
Mauro Paul,23,28,5
Michael Frederick,24,29,5
Kyle,125,130,5
Henry Frank,130,135,5
Gregory Bryant,20,25,5
John Steven,21,26,5
Thomas Francis,126,131,5
William Edgar,130,135,5
Joe Clarence,24,29,5
Jeffrey Robert,22,27,5
Robert James,26,31,5
Joshua Morgan,24,29,5
Isaac Bernard,23,28,5
Donald John,24,29,5
Emil Michael,21,26,5
Jesus Antonio,25,30,5
Joaquin Fernando,23,28,5
Thomas Francis,22,27,5
David Lawrence,24,29,5
Robert Ned,125,130,5
Anthony Spencer,125,130,5
Michael Joseph,124,129,5
Robert Keller,123,128,5
John Van Buskirk,24,29,5
Charles Morton,23,28,5
Clemens Raymond,125,130,5
George John,128,133,5
Arnold George,122,127,5
Thorndike Proctor,27,32,5
William Hildreth,26,31,5
Brett Gregory,25,30,5
Roy Emil Frederick,123,128,5
Boyd Gail,24,29,5
James Warren,24,29,5
Harold Wilson,126,131,5
Henry William,22,27,5
Reuben Walter,125,130,5
Alfredo,25,30,5
James Leroy,26,31,5
Weston Dickson,28,33,5
Douglas Wildes,25,30,5
Sergio,23,28,5
Nathan Patrick,27,32,5
Casey Michael,26,31,5
John Joseph,23,28,5
Oscar Emil,124,129,5
John Frederick,26,31,5
Junior Francisco,22,27,5
Neftali,21,26,5
Frank,24,29,5
Jared Wade,29,34,5
Cecil Benoni,123,128,5
Osvaldo,28,33,5
Carlos Manuel,22,27,5
Harry,122,127,5
Charles Dewie,122,127,5
Roger Farrell,22,27,5
Alexander Jose,23,28,5
Charles Abraham,27,32,5
James Burke,24,29,5
Samuel James,24,29,5
William Mays,28,33,5
Foster Hamilton,122,127,5
Welton Claude,130,135,5
Francis Rogers,124,129,5
Jason Jerome,25,30,5
Charlie August,122,127,5
John Wayne,23,28,5
Elmer Ellsworth,25,30,5
Steven Raymond,24,29,5
John Joseph,22,27,5
Bennett,24,29,5
Cole Tyler,23,28,5
Jesus Miguel,23,28,5
Curtis Glenn,25,30,5
David James,23,28,5
David Richard,26,31,5
Arthur Louis,28,33,5
John Henry,127,132,5
Earl Coleman,25,30,5
Joseph Anthony,23,28,5
Juan Ramon,22,27,5
Ernesto,24,29,5
Jeffrey Joseph,27,32,5
Carl David,25,30,5
Douglas Steven,23,28,5
Lee Jesse,125,130,5
Armando Antonio,25,30,5
Christopher,26,31,5
Michael James,25,30,5
Ryan Francis,24,29,5
Theodore Jared,22,27,5
Michael,128,133,5
Rodney Earl,23,28,5
James Ruffus,125,130,5
Craig Alan,26,31,5
Dillon Kyle,24,28,4
Ronald Clyde,24,28,4
Earle McClurkin,124,128,4
Pedro Modesto,23,27,4
Mark Clifford,24,28,4
James Hardy,23,27,4
Elias Calvin,125,129,4
Robert Joseph,25,29,4
Robert Stephen,130,134,4
Mathew Lawrence,23,27,4
Freddy Adrian,23,27,4
Barbaro,28,32,4
Samuel William,125,129,4
Oscar Lawrence,128,132,4
Kosuke,31,35,4
Raymond Edward,125,129,4
Kenneth Douglas,24,28,4
Frederick Charles,21,25,4
Antonio,124,128,4
Chad Everette,24,28,4
Charles Joseph,23,27,4
John Richard,24,28,4
Kevin Scot,22,26,4
Charles Wesley,127,131,4
Jacob Quirin,25,29,4
George,125,129,4
Garrett Reese,122,126,4
Thomas W.,23,27,4
Robert Walter,21,25,4
Herbert Spencer,120,124,4
Lawrence Lee,24,28,4
Horace Owen,123,127,4
Michael Robert,25,29,4
David Leonard,24,28,4
Richard Wallis,26,30,4
Aloysius Jerome,121,125,4
Bryan David,25,29,4
Leonardo Lago,20,24,4
Leoncio,25,29,4
Barry Steven,23,27,4
James J.,122,126,4
Daniel Richard,23,27,4
Juan,26,30,4
Richard Merriwell,126,130,4
Todd Michael,24,28,4
Ernest Joseph,20,24,4
John Sebastian,125,129,4
Carmen Donald,29,33,4
Hector,21,25,4
August Guenther,128,132,4
Stanley,127,131,4
Joshua Dean,24,28,4
Mark Steven,22,26,4
Howard Chumney,120,124,4
David Anthony,22,26,4
Thomas Anthony,20,24,4
Gregory Alan,24,28,4
John Joseph,24,28,4
Stephen Charles,123,127,4
William Charles,122,126,4
Jeffrey Philip,22,26,4
Michael Gary Joseph,24,28,4
John Joseph,25,29,4
Lucas William Bradley,25,29,4
Robert Arthur,123,127,4
Gregory Michael,24,28,4
Thomas J.,23,27,4
Edward Michael,122,126,4
Shawn Robert,24,28,4
Craig Robert,22,26,4
Nelson Louis,125,129,4
David Christopher,25,29,4
Kenneth Eugene,23,27,4
Michael Watts,27,31,4
Cesar Dario,24,28,4
Edwards,23,27,4
Mortimer Martin,24,28,4
Henry John,24,28,4
Aaron Colin,30,34,4
Alfred Henry,25,29,4
Kevin John,29,33,4
Alva William,124,128,4
Marcus,123,127,4
Charles Wallis,23,27,4
Daniel Albert,123,127,4
William Lemuel,26,30,4
Andrew Clark,23,27,4
Michael Darren,30,34,4
George Wagner,120,124,4
Luther Gean,25,29,4
Orlando Eugene,25,29,4
Pedro,26,30,4
Victor Raul,27,31,4
Jacob,25,29,4
Curtis LaMar,23,27,4
Jeffrey Adam,22,26,4
Ruben Bruce,22,26,4
Michael James,25,29,4
Jeffrey Michael,27,31,4
Charles Patrick,25,29,4
John Leonard,28,32,4
Eli,25,29,4
James Tyler,26,30,4
Elijah Jerry,26,30,4
James Raymond,25,29,4
Stephen Joseph,26,30,4
Raymond John,25,29,4
Robert Louis,26,30,4
Peter,23,27,4
Walter John,128,132,4
Tomas Gustavo,28,32,4
Andrew,128,132,4
Samuel,26,30,4
Cole Braden,26,30,4
Jeanmar Alejandro,22,26,4
Alexis de Jesus,24,28,4
Walton Hugh,23,27,4
Edward Thomas,26,30,4
Harry Gilbert,126,130,4
Edward C.,24,28,4
Charles Franklin,127,131,4
Andrew Dane,22,26,4
Michael Raymond,23,27,4
Ivoria Hillis,123,127,4
Jack Thomas,28,32,4
Michael H.,26,30,4
Jeffrey Allen,26,30,4
Raymond Richard,25,29,4
Fred Mahele,24,28,4
Randy Scott,26,30,4
Bryan Allan,26,30,4
Pierre Luc,25,29,4
Jose Alberto,29,33,4
John Vincent,25,29,4
Kevin Craig,26,30,4
Fabian Lorenz,124,128,4
Ernest Anyz,129,133,4
Merlin Henry,123,127,4
George Felix,25,29,4
Ernest Gerald,123,127,4
Bruno Bruce,123,127,4
Douglas James,22,26,4
Daniel,26,30,4
Randall John,28,32,4
Harry William,120,124,4
Eugene Hamlet,124,128,4
Erik Floyd,30,34,4
Everett Ben,26,30,4
Theodore Otto,135,139,4
Robert George,121,125,4
Scott Edward,23,27,4
William,24,28,4
Josie,126,130,4
John F.,19,23,4
Michael Scott,24,28,4
Donald Paul,25,29,4
Joseph John,19,23,4
Albert Hermann,120,124,4
Bradley Wilson,124,128,4
Michael Thomas,24,28,4
Elmer Joseph,125,129,4
James Robert,130,134,4
Winford Ansley,125,129,4
William Eugene,24,28,4
Charles Patrick,27,31,4
Martin Joseph,123,127,4
Thomas J.,20,24,4
Michael Joseph,26,30,4
Joseph Thomas,22,26,4
Lynn Paul,128,132,4
Brian Paul,25,29,4
Brandon Lee,26,30,4
Dennis Paul,26,30,4
Craig Michael,22,26,4
Bruce Edward,25,29,4
Peter John,124,128,4
Michael David,24,28,4
John Frederick,126,130,4
George Runnells,121,125,4
Jason Andre,25,29,4
Anton Andrew,129,133,4
Micah Kila,24,28,4
Ryan Michael,22,26,4
Francis Thomas,120,124,4
Harry,119,123,4
Theodore Charles,121,125,4
Michael Galen,22,26,4
Terry Allen,23,27,4
Thomas Jefferson,125,129,4
Jeffrey Allen,24,28,4
Greg Alan,27,31,4
Grover William,28,32,4
David,29,33,4
Joel Raymond,24,28,4
Michael Keith,22,26,4
Thomas Raymond,23,27,4
Adam Rankin,126,130,4
David Lindsey,24,28,4
Edward J.,122,126,4
Terry Wayne,21,25,4
Harold James,24,28,4
Stephen Eugene,25,29,4
Vincent Stanley Joseph,24,28,4
Chin-lung,23,27,4
Justin Patrick,23,27,4
George Elmer,128,132,4
Douglas Lynn,24,28,4
David Charles,26,30,4
Douglas Alan,28,32,4
Larry Ryan,26,30,4
Desmond Delane,24,28,4
Samuel,33,37,4
Irvine Franklin,125,129,4
Jeremy Ross,23,27,4
Jonathan Henry,25,29,4
Ryan Dewitte,27,31,4
Jason James,24,28,4
Kenley Geronimo,23,27,4
Robert Byrne,124,128,4
Michael James,25,29,4
Darrell Preston,22,26,4
Austin Jarriel,23,27,4
Chester Cornelius,120,124,4
Gregory Scott,25,29,4
Walter Albert,131,135,4
Malcolm David,123,127,4
Bryan David,28,32,4
Brandon Ryan,25,29,4
David James,123,127,4
William Joseph,26,30,4
Gene Taylor,23,27,4
Edward Francis,121,125,4
Alexander Omar,26,30,4
Leonardo Jesus,23,27,4
Jeremy Stuart,25,29,4
David Jose,24,28,4
Weldon,123,127,4
John Ellett,24,28,4
John Graves,26,30,4
Jason Alias,21,25,4
Edson Marshall,121,125,4
Rodney Wood,23,27,4
Brad Martin,24,28,4
Phillip Winston,23,27,4
Jeremy Robert,23,27,4
Chris J.,26,30,4
William Chris,26,30,4
Francis Xavier Paul,120,124,4
Joshua Adam,25,29,4
Henry John,26,30,4
Astyanax Saunders,124,128,4
Felix Antonio,23,27,4
Michael Berchman,123,127,4
James E.,27,31,4
John Harold,25,29,4
Christopher Scott,26,30,4
John Gordon,126,130,4
Joseph William,30,34,4
Leo Moses,131,135,4
Daniel William,24,28,4
Claud Lester,124,128,4
Andrew,24,28,4
William Francis,21,25,4
Robert Sterling,123,127,4
James Alexander,24,28,4
Jason Royce,23,27,4
Timothy Charles,25,29,4
William Martin,124,128,4
Carlos Antonio,24,28,4
Edgar,22,26,4
John F.,25,29,4
Timothy Andrew,22,26,4
Leo August,125,129,4
Eric Ladell,26,30,4
Lucas Christopher,24,28,4
Elzie Clise,126,130,4
Christopher Ellis,25,29,4
James Francis,26,30,4
Charles Edward,23,27,4
Augustin Joseph,123,127,4
Christopher Edwin,24,28,4
Phillip Anthony,26,30,4
George Henry,120,124,4
Clemens Johann,128,132,4
Kyle Jordan,23,27,4
Delos Daniel,125,129,4
Judd Bruce,125,129,4
Sean Reed,22,26,4
James Newton,30,34,4
Edward Fant,122,126,4
Oscar George,131,135,4
John David,22,26,4
Jarrod Martel,26,30,4
Cirilo,22,26,4
Darwin Harrikson,28,32,4
Enrique Michael,22,26,4
Joseph P.,23,27,4
Trevor Thornton,26,30,4
Francisco Alberto,23,27,4
Frank Angelo Joseph,120,124,4
John Baptiste,25,29,4
Raymond Hayes,23,27,4
Dante Leo,25,29,4
Bernard Elmer,128,132,4
John Russell,24,28,4
Aaron R.,22,26,4
John Patrick,23,27,4
Clifton Garfield,128,132,4
Tommy Douglas,22,26,4
Stephen Zachary,24,28,4
Samuel,27,31,4
Edward Alberts,123,127,4
Eulogio,23,27,4
Arthur Willard,23,27,4
Douglas Raymond,26,30,4
Isaac Benjamin,23,27,4
Travis Sentell,20,24,4
Brian Kelly,26,30,4
Steven Kennon,25,29,4
Hyun Choi,22,26,4
William Michael,22,26,4
James Patrick Michael,122,126,4
Peter J.,19,23,4
James Daniel,22,26,4
Stanley Jason,25,29,4
Donald James,25,29,4
Claude Elliott,130,134,4
Alton Ray,22,26,4
Brent Adam,26,30,4
Raymond Clifford,23,27,4
Claude William,121,125,4
Francisco,24,28,4
Ensign Stover,123,127,4
Elmer Nathan,25,29,4
Michael John,21,25,4
James Henry,23,27,4
William Donald,123,127,4
William Ted,22,26,4
Allen Thomas,26,30,4
Robert Joseph,131,135,4
William Shirley,128,132,4
Allan Edward,124,128,4
Stephen Edward,24,28,4
Richard Allen,22,26,4
Parke Edward,131,135,4
Michael Donnell,22,26,4
Joseph Casey,23,27,4
Phillip Benjamin,24,28,4
William Otis,25,29,4
Kenneth Earl,23,27,4
Frederick William,23,27,4
Brent Aaron,23,27,4
Stewart Walker,28,32,4
Sumpter Mills,123,127,4
Walter Hamilton,126,130,4
Jermaine Marcel,25,29,4
Foster Ephraim,23,27,4
Jason Michael,23,27,4
Starlin DeJesus,20,24,4
Cecil Algerton,125,129,4
Jose Rondon,23,27,4
Martin Horace,24,28,4
Welington Andres,23,27,4
Scott Robert,27,31,4
Carlos,22,26,4
Albertin Aroldis,22,26,4
Lester Clark,124,128,4
Tillar H.,122,126,4
Matthew William,25,29,4
Marvin Earl,130,134,4
Charles William,127,131,4
Harry E.,127,131,4
LaVerne Ashford,123,127,4
Michael George,124,128,4
Michael,22,26,4
John Lawrence,24,28,4
Justin Barnett,28,32,4
Barbra O'Neil,26,30,4
Steven R.,24,28,4
Ralph Alexander,25,29,4
Pedro,25,29,4
Jose Francisco,23,27,4
Michael Joseph,122,126,4
Kevin Wade,27,31,4
Jorge Hidalgo,27,31,4
William James,132,136,4
Richard Lee,19,23,4
Henry Richard,129,133,4
Jeffrey Wilton,26,30,4
Samuel Francis,24,28,4
Bruce,122,126,4
Edwin Elliott,125,129,4
Andrew James Rudolph,23,27,4
Rafael,23,27,4
Lucas Christopher,28,32,4
Thomas Edward,19,23,4
Vernon Christopher,24,28,4
Matthew Reese,28,32,4
Joseph Thomas,127,131,4
Gennaro Joseph,25,29,4
Michael John,21,25,4
Andrew Burton,24,28,4
Brian Patrick,25,29,4
George Edward,24,28,4
Noble Winfred,128,132,4
Collin Thomas,22,26,4
Daniel Paul,24,28,4
Clyde Raymond,131,135,4
Brian Scott,22,26,4
Frank Watts,24,28,4
Raymond,123,127,4
William David,26,30,4
Richard Anthony,26,30,4
Jeffrey Finas,26,30,4
Thomas Loren,28,32,4
Shawn Edward,29,33,4
Lester Justin,125,129,4
William Jackson,118,122,4
Brian Keith,23,27,4
Darwin James Kunane,25,29,4
John Joseph,127,131,4
John Baptist,19,23,4
Martin Andrew,123,127,4
Herschel Emmett,127,131,4
George Glenn,133,137,4
Michael Joseph,26,30,4
Yorman Michael,21,25,4
George Washington,121,125,4
Ross,23,27,4
Eduardo,25,29,4
Howard Dion,23,27,4
Ebenezer Ambrose,21,25,4
Heinz Reinhard,128,132,4
Edward Harry,28,32,4
Jose Omar,24,28,4
William Henry,123,127,4
Fernando Antonio,25,29,4
Bert Wood,23,27,4
Charles S.,27,31,4
Jeffrey William,25,29,4
Michael Brent,24,28,4
Spencer Dewey,125,129,4
Raleigh Leonidas,124,128,4
Christopher Louis,25,29,4
Benny Peter,27,31,4
Yonder,23,27,4
Milo Henry,123,127,4
Hector Radhames,24,28,4
Pedro Manuel,23,27,4
Juan M.,26,30,4
Hector,26,30,4
David Dale,126,130,4
Douglas Reagan,26,30,4
Maurice Dailey,28,32,4
William Franklin,125,129,4
Robert Anthony,119,123,4
Jose Eleazar,22,26,4
Miguel,22,26,4
Luis Rolando,30,34,4
Rene,27,31,4
Jose Juan,24,28,4
Jacob Joseph,24,28,4
Cha-Seung,24,28,4
Andrew Scott,25,29,4
Ramon Antonio,25,29,4
Bryan Douglas,24,28,4
Brian Nikola,23,27,4
Harry Walter,26,30,4
George Jendrus,125,129,4
William Walter,25,29,4
Robert Patrick,23,27,4
John Charles,29,33,4
Arnold Revola,125,129,4
Edison Rosanda,25,29,4
Jonathan Paul,24,28,4
Robert John,23,27,4
Luis Eduardo,27,31,4
Lee Francis,24,28,4
Oscar,25,29,4
Christian Frederick Albert John Henry David,120,124,4
Emil,125,129,4
Brian Joseph,26,30,4
Ralph Joseph,125,129,4
George Alvin,130,134,4
Lawrence Joseph,123,127,4
Dwight Vern,26,30,4
Jonas Arthur,138,142,4
Brennan Philip,25,29,4
Leonard Joseph Stephen,26,30,4
John Joseph Albert,126,130,4
Edwin Forrest,22,26,4
Seymour,123,127,4
Terry Fennell,26,30,4
Frederick James,122,126,4
Oswaldo Carlos,25,29,4
Stephen Lawrence,27,31,4
Clifford Douglas,125,129,4
William Carroll,20,24,4
James Albert,124,128,4
Roderick Stewart,29,33,4
Boof,25,29,4
Mark Vincent,25,29,4
Danny Jon,25,29,4
Peter Christopher,23,27,4
Julio Alberto,23,27,4
William Baker,124,128,4
Michael J.,20,24,4
Ervin Beckham,127,131,4
Dallas Lee,24,28,4
Eugene Mathew,25,29,4
Larry,28,32,4
Ryan Eugene,23,27,4
Robert Leroy,24,28,4
Melvin Lynn,24,28,4
Robert Gordon,24,28,4
Brian James,27,31,4
Michael Joseph,28,32,4
Gregory Francis,27,31,4
William Max,124,128,4
Kenneth William,129,133,4
William Thomas,128,132,4
Andrew Edward,27,31,4
Michael John,27,31,4
Emmanuel Allen,23,27,4
Leslie,20,24,4
Lorenzo Lamar,24,28,4
Francisco,23,27,4
Elmer Young,128,132,4
Jarvis Ardel,24,28,4
Keith Edward,24,28,4
Carroll William,122,126,4
Brant Michael,25,29,4
Frank Willard,127,131,4
Domonic Larun,23,27,4
Charles Roy,123,127,4
Curtis Steven,23,27,4
Oscar Lee,23,27,4
Richard P.,23,27,4
Donald Ray,25,29,4
Frank Leo,130,134,4
Glenn Edward,27,31,4
Jonathan Tift,22,26,4
Marvin Howard,125,129,4
James Donald,130,134,4
Thomas Martin,29,33,4
Dewon Cortez,22,26,4
Fred Lawrence,25,29,4
Harold Noel,27,31,4
James Allan,23,27,4
Robert,24,28,4
Lewis Albert,127,131,4
Pablo Arnoldo,27,31,4
Joshua Aubry,26,30,4
Randy Leon,24,28,4
Stephen John,27,31,4
Justin Richard,23,27,4
George Hodgson,20,24,4
Mark Daniel,24,28,4
Chin-hui,22,26,4
Robert,26,30,4
Michael Andrew,25,29,4
John Joseph,25,29,4
Steven Wayne,27,31,4
Ledell N.,20,24,4
Jackson A.,26,30,4
Terry R.,25,29,4
Robert Burns,38,42,4
Lee Owen,24,28,4
George Lynford,25,29,4
Charles Lemoine,30,34,4
Michael Wayne,22,26,4
Valmy,32,36,4
Albert Joseph,125,129,4
John Wesley,24,28,4
Anthony Michael,26,30,4
Joseph Michael,23,27,4
Brandon Paul,25,29,4
Leon A.,22,26,4
Dayan,21,25,4
Henry Arthur,122,126,4
Samuel Bruce,122,126,4
Eugenio,25,29,4
Federico Antonio,32,36,4
Gerald Raymond,23,27,4
George F.,23,27,4
James,29,33,4
Thomas Richard,124,128,4
Shane Lee,25,29,4
Patrick John,22,26,4
John Goody,22,26,4
Daniel Paul,26,30,4
Eric Christian,24,28,4
Raul,33,37,4
Christopher Andrew,25,29,4
Mario A.,23,27,4
Pedro Jose,23,27,4
Jairo Manuel,26,30,4
Phillip DeWayne,24,28,4
Jeffrey Allen,21,25,4
Edward Arthur,123,127,4
Harold Joseph,23,27,4
James Harold,121,125,4
Michael Sherman,22,26,4
Joseph Aloysius,122,126,4
Cory Nathaniel,25,29,4
William Joseph,120,124,4
David,25,29,4
James Henry,122,126,4
Jacob Kitchline,25,29,4
Ryan Scott,21,25,4
Jordan Craig,23,27,4
Leonard Joseph,24,28,4
Stephen Edward,23,27,4
Michael Lee,28,32,4
Joseph Abraham,23,27,4
Warren Henry,23,27,4
Gary Richard,25,29,4
Leo Donald,125,129,4
Randy David,26,30,4
John Ludwig,125,129,4
Ramon Alberto,25,29,4
Harry Abraham,123,127,4
James Francis,26,30,4
Oscar Jose,30,34,4
Adrian,129,133,4
Frank Joseph,18,22,4
Joel Martin,22,26,4
Guy,124,128,4
Roy Hamilton,125,129,4
Jon Nicholas,22,26,4
Dennis Ernest,121,125,4
William Waterfield,20,24,4
August Joseph,123,127,4
Otto George,125,129,4
Michael Henry,27,31,4
Dewey Edgar,128,132,4
Don Fred,27,31,4
Albert Hamilton,26,30,4
Bernard,22,26,4
Michael,27,31,4
Scott Joseph,24,28,4
Jesse Frank,126,130,4
William E.,21,25,4
Frank Ealton,26,30,4
Frederick Davis,124,128,4
George Benjamin,122,126,4
Ronald Earl,23,27,4
William Harlan,27,31,4
Charles Woodrow,126,130,4
Craig,25,29,4
Francis Edward,123,127,4
George Washington,28,32,4
James George,25,29,4
Edward David,25,29,4
Robert William,22,26,4
Horace Guy,27,31,4
Blake Daniel,25,29,4
Richard Brandon,22,26,4
Meldon John,124,128,4
Daniel Weston,25,29,4
Ralph Talmadge,121,125,4
Vance Richard,23,27,4
Travis A.,23,27,4
James Jerome,18,22,4
Michael Burton,23,27,4
Peter Burke,18,22,4
Eric Girard,24,28,4
Floyd Everett,21,25,4
Masato,33,37,4
Delwyn Rudy,24,28,4
Donald Wayne,20,24,4
Billy Vernon,24,28,4
Hugh,22,26,4
Kenneth Warren,24,28,4
James Richard,24,28,4
George DeWitt,24,28,4
James Clayton,24,28,4
Ryan Kittman,24,28,4
Richard Louis,23,27,4
Scott Patrick,24,28,4
Wade Lee,24,28,4
Albert William,127,131,4
Tyson William,23,27,4
Edward Antonio,24,28,4
Thomas Andrew,125,129,4
Damian Michael,23,27,4
Brian Leonard,21,25,4
Andrew James,25,29,4
Ricardo,25,29,4
Jose Antonio,22,26,4
Alexis,25,29,4
Luis Mercedes Escoba,28,32,4
Alexander Bennett,23,27,4
Manuel,127,131,4
William Albert,27,31,4
Christopher Keith,28,32,4
Christopher,21,25,4
Noel Fernando,25,29,4
Anthony Joseph,29,33,4
Sergio Jose,27,31,4
Meredith Leroy,25,29,4
Carlos,24,28,4
Kevin Andrew,22,26,4
William Nisbeth,122,126,4
Arthur Lawrence,27,31,4
Alexander John,122,126,4
Joseph S.,26,30,4
Scott Daniel,25,29,4
Paul Edward,21,25,4
Dwight Leroy,26,30,4
Albert,29,33,4
Scott Patrick,29,33,4
Norman Burt,28,32,4
Keith Wayne,24,28,4
Charles Arthur,122,126,4
Anthony Razor,27,31,4
Barton Arvin,24,28,4
Jason Alexander,26,30,4
James Cornelius,121,125,4
Barry Steven,21,25,4
Stephen Mack,27,31,4
Owen Dennis Ignatius,124,128,4
John Francis,19,23,4
William Porter,126,130,4
Patrick Henry,120,124,4
Brian Patrick,25,29,4
Charles Thomas,24,28,4
Arthur Eugene,122,126,4
Charles Budd,25,29,4
Albert Christopher,123,127,4
Robert Duffy,28,32,4
Charles Francis,20,24,4
Arthur Joseph,120,124,4
William Scott,21,25,4
William Steven,24,28,4
Scott Anthony,26,30,4
Daryl Anthony,23,27,4
Milton Parker,21,25,4
Robert Charles,25,29,4
Horace Arthur,24,28,4
Ryan Andrew,26,30,4
Roy Joseph,25,29,4
William Edward,123,127,4
Jerome John,124,128,4
Alfred Peter,119,123,4
Jason John,26,30,4
Christopher Michael,26,30,4
Scipio Ronald,22,26,4
Ernest Lee,26,30,4
Joseph Chester,122,126,4
William Randolph,25,29,4
Mitchel Blake,26,30,4
Glen Weldon,128,132,4
Michael Steven,24,28,4
Veston Goff,21,25,4
William Blake,25,29,4
John Robert,24,28,4
Elmer Rae,121,125,4
William Mitchell,124,128,4
William E.,18,22,4
Giancarlo Cruz-Michael,21,25,4
Charles Watkin,127,131,4
Eric Sidney,24,28,4
Andrew Michael,24,28,4
Clint Rea,23,27,4
Brian Robert,27,31,4
Bradley Michael,28,32,4
Michael Anthony,25,29,4
Clarence Ossie,121,125,4
Thomas Edward,23,27,4
Anthony,123,127,4
Tommy Alexander,25,29,4
Justin Kyle,24,28,4
Homer Vernon,124,128,4
William Garland,24,28,4
Robert Gilchrist,24,28,4
Robert Eugene,24,28,4
Daniel Charles,24,28,4
Richard Harrison,24,28,4
George Shelby,125,129,4
Fred Vincent,122,126,4
James Harry,124,128,4
Martin C.,25,29,4
Oren Edgar,124,128,4
Darrell Wayne,23,27,4
George Daniel,24,28,4
George Anton,122,126,4
Daniel C.,25,29,4
Dennis William,123,127,4
John Emery,24,28,4
James Michael,25,29,4
William Alexander,22,26,4
Monty Franklin Pierce,122,126,4
Stephen James,22,26,4
Lee Elbert,121,125,4
Brian Alexander,27,31,4
Drew Patrick,23,27,4
Donald Franklin,26,30,4
Jesus Rafael,23,27,4
Benjamin Eugene,24,28,4
William Michael,25,29,4
John Felix,25,29,4
Taylor Mark,23,27,4
Douglas John,126,130,4
Robert Joseph,23,27,4
Jose Nicolas,22,26,4
Lester Leo,126,130,4
Myles Lewis,129,133,4
Justin Joseph,24,28,4
Ruben Dario,21,25,4
Jay Weldon,27,31,4
Luis Enrique,23,27,4
Thomas Joseph,123,127,4
Arthur M.,24,28,4
Michael Joseph,20,24,4
Earle Thaddeus,120,124,4
Charles Scott,26,30,4
Miles Grant,130,134,4
Christopher James,24,28,4
William Joseph,131,135,4
James Daniel,23,27,4
Lewis Aloysius,118,122,4
Leslie Clyde,126,130,4
Marty Thomas,26,30,4
Gordon Ralph,131,135,4
Leo John,24,28,4
Rufus James,27,31,4
Conrado Eugenio,39,43,4
Victor Manuel,29,33,4
Harold Winthrop,121,125,4
Felix,23,27,4
Jesus Fernando,21,25,4
Silvio Ramon,22,26,4
Pedro,25,29,4
Joseph A.,26,30,4
Cristhian A.,27,31,4
Samuel Leech,28,32,4
Clyde Wayne,24,28,4
Joseph Anton,124,128,4
Alonzo Albert,125,129,4
Henry Edson,130,134,4
Robert James,123,127,4
Joseph John,121,125,4
Joseph Paul,26,30,4
Timothy Edward,25,29,4
David Charles,25,29,4
Edwin,27,31,4
James,22,26,4
Merrill Glend,128,132,4
William Fort,123,127,4
Adolph James,123,127,4
Richard Bryan,23,27,4
Jesse Allen,22,26,4
Brad Eric,25,29,4
Rufino de la Cruz,30,34,4
Todd Anthony,23,27,4
Robert Eugene,123,127,4
Scott Allen,25,29,4
Edward Clarence,124,128,4
John David,127,131,4
Sheldon Aldenburg,126,130,4
Donald Eugene,28,32,4
Robert Dean,27,31,4
Samuel R.,26,30,4
Robert Earl,27,31,4
Gene,24,28,4
George Tony,129,133,4
Albert Harold,126,130,4
Byrd,127,131,4
Scott Edward,23,27,4
Walter John,126,130,4
Cornelius Cecil,19,23,4
Jonathan Charles,24,28,4
Donald Hassett,25,29,4
Dwight,27,31,4
Noah Ryan,23,27,4
Austin Bush,123,127,4
Russell Errett,24,28,4
Michael Charles,25,29,4
Jacob Daniel,24,28,4
Daniel Michael,25,29,4
Charles Amos,127,131,4
Anderson Daniel,21,25,4
Allen Gabriel,26,30,4
Jeffrey Dee,25,29,4
Patrick Henry,24,28,4
Thomas Michael,24,28,4
Richard James,122,126,4
Jose Luis,25,29,4
Roberto Antonio,21,25,4
Jenrry Manuel,21,25,4
Randall Jerome,24,28,4
Clarence Edward,22,26,4
William Adam,120,124,4
Chad William,24,28,4
James Blaine,128,132,4
Michael Ray,25,29,4
Kristopher Allen,24,28,4
David Keith,25,29,4
Timothy Augustine,124,128,4
Hugh Raphael,124,128,4
John F.,22,26,4
Thomas Law,120,124,4
Guillermo Alejandro,26,30,4
James Frederick,124,128,4
Jose Manuel,26,30,4
Frank H.,21,25,4
Howard Glenn,124,128,4
Justis Logan,23,27,4
Joseph Anselm,128,132,4
Warren Randall,25,29,4
Clayton Grant,24,28,4
Michael D.,24,28,4
Leslie Clyde,122,126,4
Walter John,128,132,4
Seth Marvin,23,27,4
Brenton Andre,23,27,4
Mitchell Austin,25,29,4
Steven Lewis,26,30,4
Alvin Earl,23,27,4
Jose Guillermo,24,28,4
Andres,21,25,4
James Stanford,125,129,4
Damon Reed,26,30,4
Michael David,23,27,4
Stephen Wayne,27,31,4
Nathan Derek,24,28,4
Angel Luis,24,28,4
John Franklin,127,131,4
John Kyle,21,25,4
Samuel R.,27,31,4
Dale Robert,30,34,4
Cruz Gabriel,24,28,4
Gustavo Eduardo,25,29,4
Edward Francis,123,127,4
John Anthony,128,132,4
Ralph Joseph,124,128,4
Matt Jacob,32,36,4
Ezra Millington,127,131,4
Darrell Keith,26,30,4
Roy Oscar,127,131,4
Hugh Stanley,125,129,4
Frank H.,23,27,4
Daniel Edward,24,28,4
Michael Everett,23,27,4
Kevin Patrick,21,25,4
Eric Scott,24,28,4
Reginald Allen,23,27,4
Raymond Watson,127,131,4
Herbert Rodney,129,133,4
Harding William,26,30,4
Vincent William,25,29,4
Adam Charles,22,26,4
Antonio Llamas,22,26,4
Leonard John,125,129,4
Charles Sullivan,125,129,4
Richard Wayne,25,29,4
Charles Henry,25,29,4
Jonathan Matt,29,33,4
David Percy,24,28,4
Ernest Kitchen,124,128,4
Alberto Judas,23,27,4
Charles James,23,27,4
Edward Dixon,123,127,4
John W.,30,34,4
Timothy Patrick,26,30,4
Hector,29,33,4
Logan Jared,25,29,4
John Joseph,129,133,4
Adam Robert,25,29,4
William Tilford,121,125,4
Dennis Joseph,20,24,4
Henry Girard,123,127,4
John Andrew,24,28,4
Eric Carl,23,27,4
Phillip Douglas,24,28,4
Ivan Manuel,23,27,4
Eduardo Michelle,23,27,4
Sherman Omar,23,27,4
Richard Raymond,22,26,4
Lance Joseph,24,28,4
George Edward,20,24,4
David Glen,24,28,4
Fernando Alexis,24,28,4
Jose Miguel,23,27,4
Jeffrey Warren,25,29,4
Herbert Clyde,126,130,4
George Charles,123,127,4
Ronald Lee,24,28,4
Gregory William,29,33,4
Frank Rufus,130,134,4
Alexi,27,31,4
Warren Harvey,121,125,4
Robert Augustus,22,26,4
Blaine,23,27,4
Oswaldo Ramses,22,26,4
Vincent P.,32,36,4
Earl Eugene,123,127,4
Leslie Ferdinand,23,27,4
Daniel James,27,31,4
Gary Wayne,25,29,4
Francis Joseph,123,127,4
Christopher Lars,25,29,4
Jeffrey Joseph,23,27,4
Matthew Henry,24,28,4
Michael Jerome,124,128,4
John Baird,27,31,4
Simeon Augustus,124,128,4
Stephen LeCharles,29,33,4
Robert Lee,28,32,4
Richard Hilton,22,26,4
Alfred James,31,35,4
Frederick Charles,126,130,4
Harry H.,26,30,4
Milton D.,121,125,4
Frank Beall,24,28,4
Howard Wayne,20,24,4
William Joseph,129,133,4
Archie Edward,22,26,4
Joseph Albert,23,27,4
Anthony Loza,24,28,4
Ben Daniel,22,26,4
David Allen,25,29,4
Daniel Robert,23,27,4
Charles W.,27,31,4
Paul Richard,28,32,4
Warren Richard,24,28,4
Michael Anthony,22,26,4
Kenneth Franklin,127,131,4
Jeffrey Scott,24,28,4
Scott Daniel,29,33,4
John Costa,126,130,4
William Herbert,119,123,4
Rabell Saul,29,33,4
Arthur Bernard,122,126,4
Roberto,26,30,4
Jay Seay,28,32,4
Allen Stevens,26,30,4
David Leonard,29,33,4
Grant William,23,27,4
Andre Levett,24,28,4
Sergio,26,30,4
Carlos,24,28,4
Ricardo,26,30,4
Edgar Everett,124,128,4
Jason Charles,25,29,4
Robert Henry,26,30,4
Benjamin Wayne,22,26,4
George Andrew,27,31,4
Richard Eugene,31,35,4
Damon Roswell,123,127,4
Henry Harold,125,129,4
Renyel Eligio,24,28,4
James Michael,21,25,4
Erik John,25,29,4
Trevor Patrick,24,28,4
Aaron Elton,21,25,4
Charles Elmer,124,128,4
Lawrence Michael,27,31,4
Charles William,26,30,4
Edward Isaih,126,130,4
David,31,35,4
Elizardo,21,25,4
Erasmo,27,31,4
Wilkin Emilio,24,28,4
Wilson Abraham,23,27,4
Thomas Oscar,22,26,4
John Young,23,27,4
Jimmie William,26,30,4
Mark William,22,26,4
Christopher Davis,26,30,4
Alexander Crawford,25,29,4
Forest Charles,132,136,4
Paul Ray,23,27,4
Alonzo Sidney,23,27,4
William Burris,124,128,4
LeJon Dante,24,28,4
Martin J.,25,28,3
Everett Virgil,122,125,3
Eddy William,23,26,3
Steven Zachary McGuire,24,27,3
Ambrose Nicholas,123,126,3
Brandon Duane,27,30,3
Alfonso,26,29,3
Mark David,25,28,3
Rey Francisco,23,26,3
Ruben Eduardo,21,24,3
Harry Thomas,23,26,3
James Robert,23,26,3
Edwar Emilio,26,29,3
Gary Louis,28,31,3
Aaron James,27,30,3
John M.,23,26,3
Timothy,22,25,3
Harold Herman,22,25,3
John Falk,122,125,3
Erasmus Arlington,22,25,3
Thomas Andrew,23,26,3
Chester Jennings,126,129,3
Herbert Eugene,28,31,3
Joseph Wayne,28,31,3
Gordon Cecil,23,26,3
Gregory Daniel,23,26,3
Michael Francisco,22,25,3
Travis Howard,24,27,3
Robert Cord,24,27,3
Daniel Albin,25,28,3
Joseph Paul,25,28,3
John Thomas,23,26,3
Adam David,24,27,3
Ricardo Antonio,24,27,3
Roberto,26,29,3
Rafael Orlando,22,25,3
Michael Dominick,127,130,3
John Joseph,124,127,3
Edwin,22,25,3
Kevin Lynn,25,28,3
Charles August,123,126,3
Frank C.,23,26,3
Anthony Vincent,22,25,3
Michael Thomas,31,34,3
Charles Anderson,121,124,3
Garrett Thomas,23,26,3
John J.,24,27,3
Bradley Kenneth,24,27,3
Jerrod Ashley,26,29,3
Shawn Willis,26,29,3
Alexander Norman,126,129,3
Robert Willis,122,125,3
Chad Karl,26,29,3
Brian Eric,23,26,3
Frank Bernard,124,127,3
Kenneth Leo,27,30,3
Matthew Paul,26,29,3
Antoan Edward,28,31,3
Frank Joseph,23,26,3
Addison Devon,23,26,3
Joseph Randall,27,30,3
Anthony Vito,28,31,3
Andrew Jackson,123,126,3
Irving Burton,24,27,3
Thomas Jefferson,133,136,3
Darrell Wayne,24,27,3
Thomas Malcolm,121,124,3
Arnaldo Rafel,22,25,3
Patrick J.,30,33,3
William Henry,25,28,3
Ralph Ronald,28,31,3
Richard Dale,23,26,3
Jeffrey Thomas,25,28,3
Peter Ernest,122,125,3
Brian Shawn,29,32,3
Daniel Donovan,26,29,3
Charles Francis,25,28,3
Efren,25,28,3
Yamaico,23,26,3
Albert Francis,124,127,3
Ricky Lee,24,27,3
Ernie Wyre,31,34,3
Juan Ramon,25,28,3
Michael James,27,30,3
Frederick William,132,135,3
Bryan Alois,22,25,3
Nyls Wallace Rex,20,23,3
John F.,21,24,3
Peter James,20,23,3
Sydney Lloyd,25,28,3
Frederic William,127,130,3
Diomedes Antonio,41,44,3
Thomas Noble,127,130,3
Lester Jesus,23,26,3
Francisco Javier,26,29,3
Steven Robert,24,27,3
Miguel Arturo,28,31,3
David,19,22,3
Robert Donell,26,29,3
Paul David,28,31,3
Hector,24,27,3
Jeffrey Scott,28,31,3
Charles Arthur,122,125,3
Howard Ralph,24,27,3
Jose,23,26,3
Rafael Angel,23,26,3
Willie,27,30,3
James Francis,29,32,3
Peter John,123,126,3
Earnest Preston,129,132,3
Luis Alberto,23,26,3
Daniel David,24,27,3
Franquelis Antonio,24,27,3
Akinori,32,35,3
James Leo,127,130,3
Robert Emmett,125,128,3
Edilberto,30,33,3
Andrew B.,26,29,3
Christopher Matthew,23,26,3
Frank Joseph,126,129,3
Jimmy Santiago,23,26,3
Johnny Alfonso,26,29,3
Erik Daniel,25,28,3
Stanley Francis,23,26,3
Laurence Albert,124,127,3
Vance Linwood,133,136,3
Jordan Patrick,25,28,3
Claude Jayhawk,24,27,3
Jerry Lee,25,28,3
Jonathan Samuel,29,32,3
Salvador Johan,21,24,3
Ryan Keith,22,25,3
Antonio Miguel,23,26,3
Eugene David,22,25,3
Hugh McLaurin,23,26,3
Luis M.,25,28,3
Tony Francisco,25,28,3
Jose,27,30,3
John Allen,25,28,3
Walter Edward,21,24,3
William Herbert,24,27,3
Thomas William,25,28,3
William Raymond,23,26,3
Joseph Michael,25,28,3
James Washington,125,128,3
Angel Maria,23,26,3
Carlos Angel,24,27,3
Harley Fenwick,28,31,3
Michael DeWayne,24,27,3
Bradley J.,23,26,3
William Paul,25,28,3
Charles Bruce,26,29,3
Gary Roger,24,27,3
Wade A.,25,28,3
William Joseph,123,126,3
James Bradley,23,26,3
Roscoe Clyde,125,128,3
Orlando,25,28,3
John Allen,22,25,3
Joseph Wick,22,25,3
Randall Jai,23,26,3
Luis Anibal,27,30,3
Jesus Alejandro,22,25,3
Juan Miguel,25,28,3
Robert Van,25,28,3
Craig Stephen,24,27,3
Tomaso Anthony,24,27,3
Gino Michael,26,29,3
Ryan Dale,24,27,3
Marcus Braymont,23,26,3
Matthew Cody,22,25,3
Roy Daniel,122,125,3
Warren Neal,26,29,3
Charles Robert,24,27,3
Eugene,124,127,3
Harry Edwin,123,126,3
William L.,23,26,3
James Irving,125,128,3
Raymond Anderson,125,128,3
Julio,29,32,3
Chester Collins,125,128,3
Alvin,27,30,3
Jeffrey Robert,25,28,3
Juan Bautista,23,26,3
Willard Lawrence,22,25,3
Emmett Jerome,126,129,3
Michael Christopher,23,26,3
William Lawrence,122,125,3
Kenneth Scott,25,28,3
Gregory Thomas,125,128,3
Charles Hazen,28,31,3
Michael,20,23,3
Joseph Harley,126,129,3
Damian Joseph,25,28,3
Earl Victor,126,129,3
Howard Zell,121,124,3
William Francis,23,26,3
Warren A.,124,127,3
Marty Lee,30,33,3
Soule James,122,125,3
Charles Roy,123,126,3
Luis Main,25,28,3
Herbert George,124,127,3
John Jacob,132,135,3
Kameron Kraig,24,27,3
Arthur Beauregard,128,131,3
Devin Douglas,23,26,3
Ronald Knox,28,31,3
Hector Luis,26,29,3
Emile Michael,128,131,3
Carlos Ramon,23,26,3
Timothy J.,121,124,3
William Glenn,125,128,3
Benjamin Jenison,123,126,3
Michael Howard,28,31,3
Ambrose Moses,125,128,3
Jason Adam,25,28,3
Charles C.,121,124,3
Russell Brent,29,32,3
Raymond Ellis,123,126,3
Alexander J.,28,31,3
Henry Cooke,126,129,3
William Henry,24,27,3
Quenton Terrell,27,30,3
John Paul,24,27,3
Joseph,21,24,3
Eric David,25,28,3
Matthew Clifford,25,28,3
Joshua William,27,30,3
Ebin Delmer,125,128,3
David Bruce,26,29,3
Michael Lance,24,27,3
Michael Joseph,124,127,3
Jordan Horton,21,24,3
Exavier Prente,25,28,3
Jeffrey Alan,24,27,3
Stephen Paul,23,26,3
Phillip Arden,23,26,3
Joseph Paul,29,32,3
Luis,28,31,3
Eugene Harold,23,26,3
Mark Linden,25,28,3
Michael Randall,19,22,3
Edgar Ellsworth,129,132,3
Jonathan David,25,28,3
Phillip Dale,24,27,3
Wyatt Arnold,122,125,3
Mark,21,24,3
David Lee,21,24,3
Robert Albert,26,29,3
David John,23,26,3
John William,26,29,3
Donald George,30,33,3
Bradley Jay,24,27,3
Jensen Daniel,23,26,3
Philip,122,125,3
James Julius,124,127,3
William Henry,129,132,3
Allen Harry,23,26,3
Johnny Joe,25,28,3
Donald Eugene,28,31,3
Abraham Louis,26,29,3
James J.,22,25,3
Glenn John,123,126,3
Joshua William,24,27,3
Henry Carl,124,127,3
Vivan Alexander,129,132,3
Zachary Taylor,24,27,3
Ernest Lee,25,28,3
Scott Francis,27,30,3
Yunesky,29,32,3
Jason Ramond,26,29,3
Darin Paul,26,29,3
Ryan Brent,28,31,3
Randy Carl,24,27,3
Gabriel Antonio,23,26,3
Adelbert William,121,124,3
Julio Daniel,24,27,3
John Robert,24,27,3
Leonys,23,26,3
Manuel,26,29,3
Michael Gabriel,29,32,3
Alfred Dean,25,28,3
Carlos M.,24,27,3
Oreste Vilato,24,27,3
Edward Harbert,123,126,3
William Henry,120,123,3
Joseph Hanley,127,130,3
Roy DeVerne,122,125,3
Thomas Owen,27,30,3
Luis Angel,26,29,3
Julio Alberto,30,33,3
Mark Garfield,124,127,3
Robert William,23,26,3
Carlos Cesar,24,27,3
Martin Benjamin,25,28,3
Matthew Michael,25,28,3
Frank Octavius,126,129,3
Walter S.,124,127,3
Timothy Edward,29,32,3
James Joseph,26,29,3
Daniel J.,28,31,3
Nicholas,121,124,3
James Robert,24,27,3
Frank George,122,125,3
John Michael,24,27,3
William Paul,21,24,3
Michael Anthony,26,29,3
David Pledger,29,32,3
Jeffrey Michael,24,27,3
Julio Alberto,20,23,3
Philip Wiley,123,126,3
Michael D.,26,29,3
Herbert Mark,122,125,3
Stanley Brown,25,28,3
John Peter,126,129,3
Louis J.,29,32,3
Hisanori,35,38,3
Jeffrey Wilson,26,29,3
Mitchell R.,25,28,3
Walter Edward,127,130,3
Donald Clyde,29,32,3
Harry Leonard,24,27,3
Alan Marshall,122,125,3
Lindo Ivan,124,127,3
Otis Hinkley,22,25,3
Joshua Randall,23,26,3
Rolland Mays,124,127,3
Scott Edward,26,29,3
Joseph J.,22,25,3
Elmer Griffin,128,131,3
Edward Harold,123,126,3
Michael Wayne,23,26,3
John Davis,121,124,3
John Frank,21,24,3
Charles Edward,125,128,3
Guy Patrick,25,28,3
Joseph Daniel,23,26,3
John Eugene,132,135,3
Paul Harrington,23,26,3
John Anton,25,28,3
Eric Michael,24,27,3
Pedro Maurice,30,33,3
William Joseph,124,127,3
William David,27,30,3
Stephen Drew,26,29,3
Harold Laverne,130,133,3
Keith Lavarne,24,27,3
George Cornelius,26,29,3
James Arthur Patrick,18,21,3
Louis Peter,24,27,3
Terrmel,27,30,3
Wallace Henry,123,126,3
James Daniel,124,127,3
Nathaniel,32,35,3
Brandon Roger,24,27,3
Christopher Charles,25,28,3
James Robert,29,32,3
Donald C.,125,128,3
John Andrew,22,25,3
Monroe Randolph,124,127,3
Matthew Scott,22,25,3
Robert Wayne,25,28,3
Edward Joseph,30,33,3
Robert Wesley,122,125,3
William John,125,128,3
Morris Dale,22,25,3
R C,24,27,3
Phillip Raymond,29,32,3
Richard Francis,23,26,3
William,20,23,3
Charles Wellington,23,26,3
Fred,123,126,3
Joseph Conrad,128,131,3
Robert John,22,25,3
Daniel Adam,25,28,3
Robert Walter,25,28,3
John,21,24,3
Jeremy Bryan,23,26,3
Robert,130,133,3
John Henry,22,25,3
Evan Lee,26,29,3
Kyle Duerr,24,27,3
Kenneth Eugene,126,129,3
Kal Hill,21,24,3
Charles Frederick,23,26,3
Albert Henry,25,28,3
Carey Isom,128,131,3
Jeffrey Doyle,21,24,3
Justin Ryan,25,28,3
Jose Altagracia,25,28,3
John Phillips Jenkins,24,27,3
David Wayne,26,29,3
Roman Anthony,27,30,3
Robert James,21,24,3
Albert Bringhurst,26,29,3
Edward Wesley,130,133,3
Albert Casper,126,129,3
Daniel Robert,23,26,3
Richard Paul,27,30,3
Frederick Albert,128,131,3
Bryan Anthony,24,27,3
John Henry,21,24,3
William Howard,23,26,3
Francis Joseph,122,125,3
William Martin,124,127,3
Ivey Merwin,124,127,3
Ralph Peter,127,130,3
Bob Mitchell,24,27,3
Jack Leroy,22,25,3
Brian Lee,25,28,3
Jack Burdett,24,27,3
Raymond Everett,125,128,3
Charles Landis,22,25,3
David Lindsey,26,29,3
Nelson Bernard,21,24,3
Henry Joseph,25,28,3
George Albert,123,126,3
Logan Edward,25,28,3
Stephen Russell Mallory,126,129,3
James Patrick,22,25,3
Richard Clyde,26,29,3
John Joseph,23,26,3
James Harold,129,132,3
Joseph Cain,26,29,3
Hector Felipe,24,27,3
Gerald Robert,24,27,3
Dennis Scott,25,28,3
Kazuhiro,32,35,3
Joshua Blake,27,30,3
Robert Frank,23,26,3
Robert,25,28,3
William Henry,25,28,3
Erik Douglas,25,28,3
Jack,124,127,3
Henry Alexander,119,122,3
Jeffrey Dewan,26,29,3
Henry Houston,24,27,3
Roger William,22,25,3
Orlando,25,28,3
Romulo Ignacio,23,26,3
Hector Enrique,22,25,3
Alejandro,22,25,3
Luis,22,25,3
Jorge,20,23,3
Gilberto,23,26,3
Matthew Stephen,23,26,3
Austin Allen,23,26,3
Henri Joseph,126,129,3
Robert Richard,22,25,3
Sandy,25,28,3
Wilin Arismendy,22,25,3
Donald Gary,24,27,3
Steven Allen,24,27,3
William Russell,123,126,3
Jason Anthony,23,26,3
Anton Ambrose,26,29,3
Ryan Lee,25,28,3
Daniel Jay,27,30,3
John Edward,23,26,3
Stanley Dean,24,27,3
James Henry,26,29,3
William George,123,126,3
Scott Drew,27,30,3
Adam William,25,28,3
Daniel Joseph,24,27,3
George Watson,22,25,3
Jonathan Daniel,24,27,3
Clarence Eugene,123,126,3
Keiichi,37,40,3
Delmer Edward,125,128,3
Clifford Raphael,26,29,3
Leonard Joseph,23,26,3
Jacob Thomas,24,27,3
Robert John,23,26,3
Mark Robert,25,28,3
Robert Lee,125,128,3
Laurence Marcy,24,27,3
Michael Cary,25,28,3
Wilbert Otto,127,130,3
Peter Paul,35,38,3
Foster Leroy,120,123,3
Ernest James,124,127,3
Kendall Cole,25,28,3
Elwood Vernon,124,127,3
Henry Rudolph,129,132,3
Gordon Ray,26,29,3
George Francis,122,125,3
Thomas Leroy,31,34,3
Nigel Edward,23,26,3
George,22,25,3
Reginald Dewayne,25,28,3
Thomas Hugh,124,127,3
Jeffrey F.,27,30,3
Floyd Euliss,25,28,3
Thomas Robert,24,27,3
James Alvin,127,130,3
Alexander Ames,24,27,3
Thomas Mark,28,31,3
Joseph William,131,134,3
Mark Eugene,27,30,3
William Carl,21,24,3
Robert,25,28,3
William Chad,28,31,3
Mark Bradford,26,29,3
Anthony Michael,26,29,3
Milton Robert,126,129,3
William Franklin,125,128,3
Arthur John,121,124,3
Jemile Nykiwa,24,27,3
Ralph Richard,125,128,3
Eric Michael,23,26,3
Casper Charles,26,29,3
George Louis,27,30,3
Floyd Clark,123,126,3
Matthew Michael,26,29,3
Kevin Joseph,27,30,3
Lewis W.,22,25,3
John Charles,26,29,3
Dennis Dean,27,30,3
Henry Levi,128,131,3
Gilbert Arthur,119,122,3
Sean Thomas,26,29,3
Neil Kannas,27,30,3
Thomas William,121,124,3
Ewart Gladstone,121,124,3
Arodys,21,24,3
Hawatha Terrell,22,25,3
Thomas David,26,29,3
Jack Dyer,22,25,3
Daniel Dean,23,26,3
Brett Alexander,24,27,3
Derek Robert,25,28,3
Gene Winston,25,28,3
Kenneth Rogers,27,30,3
Bruce Kenneth,29,32,3
Julio Julian Castillo,24,27,3
Carlos Luis,24,27,3
Thomas James,25,28,3
Lino,25,28,3
James Harold,22,25,3
Albert Bernard,130,133,3
William Lawrence,127,130,3
Jacob Edward,20,23,3
Jesus Anthony,24,27,3
Richard Fred,24,27,3
Jose,26,29,3
Thomas Gill,23,26,3
Hector,26,29,3
Esmerling de Jesus,26,29,3
Charles Wayne,19,22,3
William Joseph,24,27,3
Joseph Albert,130,133,3
Benjamin Harrison,121,124,3
William Jennings,27,30,3
Aaron Marshall,24,27,3
Daryl Marcelus,23,26,3
John Gustav,126,129,3
Erick Morgan,26,29,3
John James,20,23,3
Walter Miller,20,23,3
James,23,26,3
Lyle Forest,126,129,3
Edward Carl,121,124,3
Brian Patrick,28,31,3
Kevin Anthony,29,32,3
Christopher Matthew,26,29,3
Christopher John,27,30,3
Michael Nelson,20,23,3
Eddie Jack,26,29,3
Ryan Christopher,22,25,3
George B.,27,30,3
Kelvin Curtis,28,31,3
James Madison,29,32,3
Anthony Dale,23,26,3
Alexander Jesus,24,27,3
Jerome Edward,26,29,3
Rex Coleman,24,27,3
Robert Richard,26,29,3
Zachary Grant,24,27,3
Bernardo,29,32,3
Marvin Eugene,26,29,3
Craig Walter,24,27,3
William Richard,122,125,3
Charles Lawrence,127,130,3
Fritz Darrell,23,26,3
Rodney Lee,24,27,3
Thomas Michael,23,26,3
Bruce Ellsworth,26,29,3
Norman Ladelle,124,127,3
Oliver Edward,23,26,3
Roosevelt Lawayne,24,27,3
Darrell Wayne,26,29,3
Corey Allen,26,29,3
Andrew Marshall,27,30,3
Jordan Cassidy,27,30,3
Earl James,124,127,3
John Patrick Parnell,19,22,3
Thomas Arden,24,27,3
John Stephen,133,136,3
Freddie Lee,25,28,3
Michael James,24,27,3
Terry Dale,26,29,3
Michael Dana,27,30,3
Francis Clyde,121,124,3
John Francis,124,127,3
Raymond Edward,23,26,3
Joseph Francis,121,124,3
Morgan,28,31,3
Leslie Kingston,121,124,3
Alex James,23,26,3
Ernest A.,28,31,3
Elmer Robert,119,122,3
Glenn Lawrence,24,27,3
Ryan Dean,28,31,3
Mark David,26,29,3
Charles Ruley,25,28,3
Robert James,129,132,3
Samuel Thomas,25,28,3
John Brite,25,28,3
Brad,25,28,3
William J.,20,23,3
Dorian Scott,23,26,3
Marshall Lee,25,28,3
Michael Charles,25,28,3
Jean Carlos,31,34,3
Donald John,24,27,3
Patrick Daniel,24,27,3
Carl Edward,22,25,3
Lyman Wesley,25,28,3
Derek Wayne,26,29,3
Denis,23,26,3
Jason Carl,25,28,3
Brian Thomas,26,29,3
Julio Giacomo,126,129,3
Robert Averill,24,27,3
Albert,131,134,3
Charles Cobb,25,28,3
Jeffrey Scott,24,27,3
Robert Edward,21,24,3
Joseph Edward,126,129,3
Randy Walter,26,29,3
Brandon Kyle,25,28,3
Juan Ramon,23,26,3
Dellin,23,26,3
Floyd Clifford,128,131,3
Fred Donald,24,27,3
Bruce,26,29,3
Werner Joseph,26,29,3
Joseph Richard,25,28,3
William Robinson,22,25,3
Charles Tuller,28,31,3
Nicholas Raymond,23,26,3
Angel,124,127,3
Luis,23,26,3
George Alberto,24,27,3
Lawrence Dennis,22,25,3
Dwain Cleaven,24,27,3
Norman Craig,23,26,3
Dylan Davis Haines,26,29,3
Kevin Richard,23,26,3
Albert Wright,23,26,3
William Cecil Glenn,22,25,3
Richard Thomas,22,25,3
Donald Glenn,25,28,3
Charles,124,127,3
Jay Robert,26,29,3
Alberto Jose,25,28,3
Victor,26,29,3
Angel Luis,26,29,3
Brandon Durell,23,26,3
Jermaine LaMont,24,27,3
Raymond Payne,26,29,3
Alexi Jose,22,25,3
Jesus Manuel Orlando,21,24,3
Henderson Javier,21,24,3
Jose Carlos,21,24,3
Charles Augustus,127,130,3
Wendell,25,28,3
Luis,27,30,3
Thomas Edison,28,31,3
Joseph Abram,125,128,3
Kurt Harold,23,26,3
William G.,125,128,3
Ricky Lee,23,26,3
Nathan Masler,23,26,3
Robert Gordon,25,28,3
Winston Leonardo,29,32,3
Cecilio,26,29,3
Thomas James,26,29,3
Dustin Michael,23,26,3
Mark Robert,26,29,3
Hugh Carpenter,123,126,3
Henry Bernard,125,128,3
William Aloysius,132,135,3
Pedro,25,28,3
Blake William,22,25,3
James Melvin,25,28,3
Brandon Alan,24,27,3
Charles Alfonzo,25,28,3
Michael Richard,24,27,3
Clayton Daniel,31,34,3
Jerry Houston,24,27,3
William Samuel,19,22,3
Alfredo,25,28,3
Brandon Kyle,23,26,3
Robert Edward,27,30,3
James Fred,126,129,3
Yamil Antonio,23,26,3
Jason Thomas,26,29,3
Martin,25,28,3
Charles Carl,125,128,3
Brandon Charles,26,29,3
Bradley Steven,24,27,3
Roland,126,129,3
German,23,26,3
Frank,31,34,3
Emile Deering,124,127,3
Emil,124,127,3
Edwin Frank,122,125,3
Anthony Edward,24,27,3
Jason Charles,24,27,3
George F.,26,29,3
Howard Francis,124,127,3
Charles Joseph,26,29,3
Thomas Calvin,122,125,3
Philip,27,30,3
James Henry,22,25,3
Frank Frederick,125,128,3
Greg Robert,24,27,3
Joshua LaRoy,24,27,3
Brian David,26,29,3
George Oliver,126,129,3
Joshua Charles,25,28,3
Edward Norman,21,24,3
Jay Carl,120,123,3
John E.,24,27,3
Francisco Manuel,27,30,3
Daniel Steven,26,29,3
Matthew Martin,26,29,3
Darrell David,26,29,3
Patrick Joseph,125,128,3
Matias,28,31,3
Ezequiel Manuel,24,27,3
Carmen Salvatore,26,29,3
Louis Steven,23,26,3
Anthony Edward,25,28,3
Silvestre,23,26,3
Michael Lee,27,30,3
Osvaldo,26,29,3
Joseph Jerome,24,27,3
Peter William,23,26,3
John,124,127,3
Lloyd Reid,126,129,3
McKay Andrew,24,27,3
Stephen Randall,26,29,3
Hee-Seop,23,26,3
Robinson David,27,30,3
Lonnie David,23,26,3
Tyler Cole,22,25,3
Chin-Feng,25,28,3
Matthew Wilkie,24,27,3
Rodney Osborne,23,26,3
Matthew Bryan,24,27,3
Jaime Magana,24,27,3
Xavier,25,28,3
James Christopher,128,131,3
Alberto,33,36,3
Peter Francis,23,26,3
Esteban Manuel Antonio,23,26,3
Juan,24,27,3
Theodore Physick,123,126,3
James Howard,123,126,3
Pedro Orlando,23,26,3
Royal Eugene,122,125,3
Herman Earl,126,129,3
Maikel Jose,22,25,3
Steven Scott,25,28,3
Bryan Richard,27,30,3
Dain Elmer,124,127,3
Brandon Allen Falker,24,27,3
Ellis,126,129,3
Martin Keith,25,28,3
Lance Levis,24,27,3
Robert Hunter,123,126,3
Michael Gus,23,26,3
Harold Louis,25,28,3
Kevin Reese,22,25,3
George David,127,130,3
Edward,25,28,3
Andrew Howard,122,125,3
Sydney Harry,128,131,3
Robert,26,29,3
James Stanley,26,29,3
Alexander Miller,24,27,3
Patrick Dennis,23,26,3
Earl Clinton,129,132,3
Donald Edward,25,28,3
Edward Trowbridge,123,126,3
Joshua Michael,25,28,3
Timothy Michael,22,25,3
Brandon Michael,24,27,3
Zachary Warren,26,29,3
Maurice Montague,121,124,3
Charles Steven,25,28,3
Walter Anderson,23,26,3
James Charles,23,26,3
Glenn Melvin,24,27,3
Collin Brannen,25,28,3
Henry Seymour,121,124,3
Scott Michael,25,28,3
Christopher Robert,33,36,3
Daniel Francis,122,125,3
John Reilly,28,31,3
Mark Franklin,27,30,3
Nathan John,22,25,3
Ryan William,24,27,3
Luther Almus,127,130,3
Jose G.,28,31,3
Edward Joseph,121,124,3
Edward Joseph,25,28,3
Richard,119,122,3
Joseph Francis,129,132,3
Joseph H.,127,130,3
Timothy Howard,24,27,3
Roy Thomas,131,134,3
James Bennett,30,33,3
Jerry C.,24,27,3
Joel Clark,20,23,3
John Kirk,24,27,3
George Allen,122,125,3
Thomas Eugene,26,29,3
Joubert Lum,121,124,3
Thomas Joseph,26,29,3
Jeffrey Scott,25,28,3
Chase Jonathan,24,27,3
Thomas James,22,25,3
Dane David,28,31,3
Steven Edward,28,31,3
Rubby Carlos,22,25,3
Randall Enrique,21,24,3
Luis Manuel,22,25,3
Lawrence Calvin,21,24,3
Justin Andrew,24,27,3
Wayland Ogden,122,125,3
Frank,22,25,3
John Henry,25,28,3
Vernon Eugene,123,126,3
Guy Paxton,131,134,3
John William,122,125,3
William Aloysius,127,130,3
Bruce Lee,124,127,3
William Garland,26,29,3
Dode,123,126,3
William Patrick,126,129,3
Clarence M.,28,31,3
Richard Stephen,27,30,3
Cesar Antonio,22,25,3
Frank Donald,125,128,3
Jack Albert,127,130,3
Arthur F.,20,23,3
Aaron James,25,28,3
Henry Acosta,23,26,3
Arnoldi Anthony,25,28,3
Charles William,122,125,3
William Albert,25,28,3
Joseph Adam,22,25,3
Michael Alan,24,27,3
Brian Reed,23,26,3
Russell Matt,25,28,3
Paul Sinnott,30,33,3
Larry Francis,124,127,3
Brian Stacy,25,28,3
Solomon Louis,26,29,3
Noble Jan,24,27,3
Daniel Richard,23,26,3
Hal Joseph,23,26,3
James Raymond,24,27,3
Louis Frank,121,124,3
Timothy Darnell,23,26,3
Keith Alan,24,27,3
Lewis L.,125,128,3
Victor Israel,23,26,3
Lloyd Arthur,128,131,3
Mark Andrew,32,35,3
James Edward,25,28,3
James H.,20,23,3
Frank Robert,24,27,3
Bernard John,123,126,3
Frank Rolland,124,127,3
Thomas Anthony,26,29,3
Elliott Estill,122,125,3
Sean Michael,26,29,3
John Craig,29,32,3
Kenneth John,24,27,3
William Howard,22,25,3
Kerry Michael,23,26,3
Arthur James,122,125,3
Gary Richard,19,22,3
David Eric,26,29,3
Matthew Scott,22,25,3
Thomas George,122,125,3
Robert Sidney,25,28,3
Elmer Lafayette,122,125,3
William H.,25,28,3
Frank Vernon,128,131,3
Liam Johnson,22,25,3
David Lee,25,28,3
Joseph Lee,28,31,3
Leroy George,126,129,3
Juan Francisco,24,27,3
Kelvin De Jesus,22,25,3
Jose Concepcion,25,28,3
Joseph,22,25,3
Daniel Ray,24,27,3
Pedro Julio Montas,20,23,3
James Francis,126,129,3
Ronald Baxter,25,28,3
Manuel Antonio,25,28,3
Carlos Enrique,21,24,3
Adrian,26,29,3
Jerry Dean,19,22,3
John David,22,25,3
Milton Giles,26,29,3
Melvin Anthony,28,31,3
Arthur William,123,126,3
William Lee,120,123,3
Irving Clinton,124,127,3
Homer Hiller Henry,126,129,3
Robert Stone,123,126,3
Erik Kristian,27,30,3
William Cicero,22,25,3
William Robert,24,27,3
William Johnston,124,127,3
Harry C.,129,132,3
Kenneth Timothy,119,122,3
John Alan,23,26,3
Howard Arthur,123,126,3
Brian Scott,23,26,3
John Samuel,19,22,3
Stephen Robert,29,32,3
Randy Scott,22,25,3
Kazuhisa,29,32,3
Akinori,28,31,3
Tadahito,31,34,3
Fermin Alexis,26,29,3
Garey Lamar,24,27,3
Arthur Charles,130,133,3
John Phillip,25,28,3
Newton Smith,124,127,3
Albert Leonard,123,126,3
Zachary Thomas,23,26,3
Michael Warren,24,27,3
Leroy Gilbert,118,121,3
Garry Arthur,22,25,3
Dane Edward,31,34,3
Kenji,30,33,3
Charlton Maxwell,26,29,3
David Austin,123,126,3
Ivan Chester,132,135,3
James Eugene,24,27,3
Lawrence Rayford,25,28,3
James Price,121,124,3
Eric John,22,25,3
Christopher Hugh,25,28,3
John Franklin,24,27,3
Benjamin Franklin,122,125,3
Walter Henry,124,127,3
William Franklin,26,29,3
James Michael,23,26,3
William Jared,26,29,3
Nathaniel P.,17,20,3
Joseph Paul,25,28,3
Charles,23,26,3
William R.,127,130,3
Roy Edward,23,26,3
Smead Powell,128,131,3
Ryan Wayne,26,29,3
Ralph Wesley,126,129,3
Ross A.,24,27,3
Ronald Glen,24,27,3
Ricardo,25,28,3
James William,125,128,3
John Francis,125,128,3
Frank Bruno,123,126,3
Alfred Edward,125,128,3
Alvin Joseph,123,126,3
Harry Lydle,127,130,3
Michael Joseph,19,22,3
Edward Lee,122,125,3
Nelson Joseph,26,29,3
Mark Andrew,25,28,3
Edward,27,30,3
Robert Griffin,24,27,3
Frank William,29,32,3
Edward Charles,20,23,3
William Joseph,124,127,3
Charles J.,21,24,3
Harold Joseph,121,124,3
Henry C.,19,22,3
Gary Everett,24,27,3
Leonard George,128,131,3
Jonathan David,26,29,3
John Clinton,24,27,3
Peter Cole,125,128,3
Robert Troxell,122,125,3
Enos Claire,128,131,3
LaRue,123,126,3
Fred Leo,26,29,3
Jason Michael,24,27,3
Elmer Edward,128,131,3
Corey Scott,25,28,3
Joseph John,125,128,3
Ronald Bernard,25,28,3
John Harold,127,130,3
Richard Allen,27,30,3
Rick Michael,25,28,3
John William,125,128,3
William Frederick,25,28,3
George Nicholas,26,29,3
Peter Michael,23,26,3
James,20,23,3
Rene George,20,23,3
Marion John,27,30,3
Alfred Anthony,122,125,3
Frederick Arthur,125,128,3
John Andrew,24,27,3
David Christian,24,27,3
Brett Russell,21,24,3
George Albert,20,23,3
Ryan Cole,24,27,3
John Paul,131,134,3
Timothy Joseph,26,29,3
Frank Herman Carl,127,130,3
Gregory Mark,28,31,3
Simeon Henry Jean,25,28,3
Brandon John,25,28,3
Richard Otto,24,27,3
Matthew Vincent,24,27,3
Robert Joseph,23,26,3
Albert Francis,122,125,3
Jonah John,122,125,3
Gregory Joseph,23,26,3
Brandon Paul,27,30,3
Hector Alexis,23,26,3
Gregory James,26,29,3
James Edward,24,27,3
Michael Henry,24,27,3
Harold Eugene,128,131,3
Leslie Elmer,125,128,3
Paul Edward,24,27,3
Dicky Angel,23,26,3
Jerry Bienvenido,22,25,3
Paul Allen,122,125,3
Robert Thomas,26,29,3
William Freeman,24,27,3
Albert Shawn,32,35,3
Harold Joseph,21,24,3
Donald Loren,24,27,3
Johnny Arthur,24,27,3
Byron Brett,24,27,3
Norwood Ringold,126,129,3
Jacob Bowman,126,129,3
Harold Lloyd,28,31,3
Francis Arthur,121,124,3
Robert Derrell,20,23,3
Bertrum Scarborough,23,26,3
Jeffrey Edward,25,28,3
Jason William,26,29,3
John Bernard,130,133,3
Brian Ernest,30,33,3
Devaris,23,26,3
Nicholas Michael,25,28,3
Kurt Moritz,124,127,3
Joseph Geroy,28,31,3
Irvin Gladstone,125,128,3
James Nathaniel,19,22,3
Ralph Conant,130,133,3
Odbert Herman,27,30,3
Bradley Richard,21,24,3
Luis Javier,26,29,3
Marvin John,126,129,3
Drannon Eugene,24,27,3
Roy Arthur,124,127,3
Jeffrey Scott,27,30,3
Eric Lynn,26,29,3
George Edwin,22,25,3
Santiago Donovan,20,23,3
Doug Wayne,21,24,3
Brandon Eric,25,28,3
Angel Moises,25,28,3
Thomas Jefferson,124,127,3
Tedd Jasper,123,126,3
William Skeen,25,28,3
Robert Louis,22,25,3
Michael Lawrence,26,29,3
Samuel,127,130,3
Dean Charles,29,32,3
Joshua Isaiah,24,27,3
Loy Vernon,122,125,3
Gerald Ellis,23,26,3
Richard Allen,22,25,3
William Womble,26,29,3
Jeremiah Peter,22,25,3
Thomas William,24,27,3
Charles Byron,30,33,3
Anthony James,29,32,3
Cornelius Francis,126,129,3
Jeremy Joseph,26,29,3
Robert Michael,24,27,3
Edward Paul,26,29,3
Samuel Scott,128,131,3
Paul Clarence,127,130,3
Louis Henry,122,125,3
Michael Bruce,26,29,3
Bruce Alan,26,29,3
John Francis,123,126,3
Alexander,23,26,3
Terry Lane,22,25,3
Charles J.,21,24,3
Rikkert,24,27,3
Paul Tyrrell,25,28,3
William James,27,30,3
Daniel Andres,24,27,3
James Leroy,128,131,3
Timothy Joseph,24,27,3
Nathan Edward,21,24,3
James Gerhard,27,30,3
Edgmer Eduarado,24,27,3
Felix Eduardo,23,26,3
Eduardo Jose,22,25,3
Brian James,28,31,3
Russell Edison,130,133,3
William James,123,126,3
Michael Terry,25,28,3
Thomas John,23,26,3
Everett Joseph,125,128,3
John Edward,26,29,3
Robert Franciscus,26,29,3
Michael Lewis,25,28,3
Michael Donald,27,30,3
David Delmer,24,27,3
David Louis,28,31,3
Harold William,130,133,3
George William,124,127,3
Barry Ryan,24,27,3
Jewel Winklemeyer,133,136,3
John Logan,24,27,3
Theodore Henry,23,26,3
Timothy Shawn,30,33,3
John Norman,24,27,3
Joseph Chester,123,126,3
William Aloysius,129,132,3
Eric Hollis,29,32,3
Alan Kim,24,27,3
Pedro Alexander,25,28,3
Silton Ray,26,29,3
Patrick Joseph,31,34,3
David Alan,22,25,3
Todd B.,25,28,3
Ray James,129,132,3
Hanley,24,27,3
Marion John,29,32,3
Daniel Sebastian,22,25,3
Eric Joseph,26,29,3
Sean Patrick,22,25,3
Philip Joseph,124,127,3
Michael Dwain,26,29,3
Alan Mitchell Edward George Patrick Henry,25,28,3
Robert Collins,24,27,3
Charles Roderick,25,28,3
Frank Harold,124,127,3
Franklin Ray,25,28,3
Arthur Junior,23,26,3
Robert Ford,128,131,3
Jeffrey Scott,27,30,3
Christopher Coleman,22,25,3
Robert Norton,127,130,3
Alfred W.,23,26,3
Harry Lambert,126,129,3
Walter Paul,124,127,3
Robert Henry,28,31,3
Cory Nathanial,25,27,2
Charles Cason,126,128,2
William J.,24,26,2
William M.,22,24,2
Steven A.,25,27,2
Ralph,24,26,2
Miguel Angel,20,22,2
John Richard,29,31,2
Kenneth Harlin,126,128,2
Kason Ronald,24,26,2
Jason Joseph,26,28,2
Christopher Wren,22,24,2
Julian Edward,27,29,2
Telmanch,25,27,2
Brent Allen,24,26,2
Harold Dennis,125,127,2
John Christopher,27,29,2
Freddy Jose,23,25,2
Avisail Antonio,21,23,2
Harry Koch,123,125,2
Charles Thomas,129,131,2
Christian Louis Patrick,25,27,2
William Edward,125,127,2
John Edmond,131,133,2
Kevin Albert Francis,26,28,2
Raphael,25,27,2
Samuel Douglas,25,27,2
James Emerson,22,24,2
Jesse William,23,25,2
Ronald Joel,26,28,2
Jose Carlos,29,31,2
Gilberto,25,27,2
Cornelius Francis Xavier,19,21,2
John Anthony,127,129,2
Roy,25,27,2
Steven Eugene,25,27,2
August G.,127,129,2
Bartolome,30,32,2
Eugene Matthew,124,126,2
Eugene Raybold,132,134,2
Robert Daniel,24,26,2
Angelo Benjamin,26,28,2
Jacob David,25,27,2
John Daniel,24,26,2
Harry Lewis,30,32,2
Herbert Glenn,128,130,2
James Russell,22,24,2
Lee Constantine,29,31,2
Robert E.,127,129,2
George Henderson,126,128,2
Edward Michael,27,29,2
Marshall Lynn,29,31,2
Wayne Maurice,25,27,2
Brandon Michael,25,27,2
Thomas Francis,30,32,2
Homer Estell,127,129,2
John Franklin,133,135,2
Bobby Lamar,25,27,2
Vaughn Michael,26,28,2
Horacio,24,26,2
Sergio Luis,25,27,2
John Edward,28,30,2
Cody Allen,26,28,2
Major Kerby,130,132,2
Floyd Haskell,124,126,2
Monty Ted,24,26,2
Steven James,25,27,2
Irving,29,31,2
Jeurys,23,25,2
Chester Emanuel,120,122,2
Edward Joseph,123,125,2
Jose Mayobanex,25,27,2
Edward Henry,126,128,2
Edward F.,26,28,2
Ryan Edward,26,28,2
Pedro Jose,27,29,2
Thomas Samuel,24,26,2
Michael Anthony,27,29,2
Stephen J.,26,28,2
John Proctor,26,28,2
Herman Adam,124,126,2
Jeffrey Thomas,24,26,2
Charles Edward,26,28,2
Bryce Aron Max,20,22,2
John George,28,30,2
John Thomas,25,27,2
Donald,24,26,2
William Thomas,26,28,2
James Vernon,26,28,2
Jay Nelson,26,28,2
James Harrison,129,131,2
John Joseph,123,125,2
Devern Brandon,28,30,2
Robert Joseph,26,28,2
Howard Lawrence,26,28,2
Jason Robert,25,27,2
Jed Ramon,25,27,2
Joseph Lionel White,123,125,2
Hernando Petrocelli,24,26,2
William Taylor,28,30,2
James Henry,127,129,2
Franklin Pierce,126,128,2
William Woodrow,130,132,2
Kevin Richard,25,27,2
Roy Thomas,25,27,2
Ervin King,121,123,2
Joseph Frederick,123,125,2
William Louis,30,32,2
Clyde Melno,127,129,2
Raymond Alton,25,27,2
William Victor,22,24,2
Wynn Firth,24,26,2
Blake Edward,26,28,2
Robert David,26,28,2
Robert Julius,25,27,2
Ernest William,125,127,2
Howard Hoffman,124,126,2
Giomar Antonio,25,27,2
Bradford Alexander,23,25,2
William E.,22,24,2
Kent William,24,26,2
Matthew Donald,27,29,2
Raymond Timothy,124,126,2
Donald Thomas,27,29,2
Glen Edward,25,27,2
Anthony Robert,22,24,2
Andrew Richard,24,26,2
Lee Currin,125,127,2
Miguel Angel,28,30,2
Luis Alberto,25,27,2
Marwin Javier,23,25,2
William James,125,127,2
Daniel Jay,25,27,2
Yasmani,24,26,2
Henry Eckhard,124,126,2
James Charles,124,126,2
Reginald John,125,127,2
Mark Anthony,27,29,2
Richard Benjamin,27,29,2
William Denton,131,133,2
Richard Ray,25,27,2
Brian Keith,18,20,2
Edward,22,24,2
Kenneth William,26,28,2
Bartholomew Joseph,126,128,2
Frank Wesley,20,22,2
Ivy Moore,123,125,2
Mariekson Julius,22,24,2
Lewis Edward,121,123,2
John-Ford David,26,28,2
Denver Clarence,122,124,2
Myron Frederick,130,132,2
Justin Scott,24,26,2
James Edward,121,123,2
Jacob John,22,24,2
Louis Wilhelm,126,128,2
Harold Kenneth,25,27,2
John Michael,22,24,2
Joseph Oscar,127,129,2
Daniel Joshua,30,32,2
Floyd George,130,132,2
George Lloyd,128,130,2
Thomas J.,22,24,2
Grant,126,128,2
Franklin T.,22,24,2
Angel Manuel,26,28,2
Patrick Alexander,25,27,2
Charles Francis,27,29,2
John Peter,126,128,2
Yan,25,27,2
Daniel Ralph,125,127,2
Keith Harris,26,28,2
Joseph Paul,125,127,2
Joshua Mercer,26,28,2
Elton,126,128,2
Thomas Charles,27,29,2
Jeffrey David,26,28,2
Thomas Kevin,28,30,2
Frank,121,123,2
Otis Samuel,126,128,2
Brandon J.,24,26,2
Jerald Hal,27,29,2
Cedric Bernard,28,30,2
Joseph Butler,22,24,2
John Albert,31,33,2
Kenneth Harold,18,20,2
Charles Benton,21,23,2
Charles Walter,125,127,2
William Gustave James,25,27,2
Marcel Ernest,28,30,2
Joseph Joseph,126,128,2
Thomas Joseph,23,25,2
August H.,22,24,2
Michael,29,31,2
Timothy Mark,25,27,2
Norbert George,124,126,2
William F.,23,25,2
Thornton John,25,27,2
Michael Andrew,122,124,2
William Francis,24,26,2
Justin Joseph,24,26,2
Eric James,27,29,2
Joseph Robert,30,32,2
Wallace Luther,124,126,2
Kurt David,25,27,2
Richard Finlay,120,122,2
Peter John,23,25,2
Nicholas Nicholie,18,20,2
Thomas R.,26,28,2
Ronald Lee,23,25,2
Joseph James,126,128,2
Joseph William,24,26,2
Curt Gerrard,25,27,2
Gregory Charles,25,27,2
Munenori,31,33,2
Kurt David,25,27,2
John Francis,27,29,2
William,20,22,2
Dallas,24,26,2
Sam,22,24,2
Richard Lee,22,24,2
Jason Ashley,26,28,2
Kevin Ray,24,26,2
Curtis Albert,27,29,2
Walter Henry,25,27,2
Clyde Donald,20,22,2
Roderick Edwin,28,30,2
Erving Leslie,122,124,2
Ryan Jason,25,27,2
Thomas Frederick,21,23,2
Sherman Jarvis,25,27,2
Steven Howell,26,28,2
James Richard,26,28,2
Orville Edwin,127,129,2
Alfornia,24,26,2
Brandon Lamon,24,26,2
Carroll Elmer,123,125,2
Elijah Albert,125,127,2
Oscar Lafayette,124,126,2
Nathan Andrew,26,28,2
Ronald David,26,28,2
Randall Stuart,22,24,2
Randall Glenn,26,28,2
Tyler James,24,26,2
Victor Oscar,124,126,2
John Gottfred,24,26,2
Joseph Richard,24,26,2
William Jeffrey,25,27,2
Richard Henry,28,30,2
Dustin Robert,27,29,2
Luke Trevor,26,28,2
Michael F.,22,24,2
Travis Wade,26,28,2
Emil Hugo,123,125,2
David Blain,26,28,2
Thomas Carr,30,32,2
Willard Mitchell,28,30,2
Michael Butler,24,26,2
Andrew Scott,22,24,2
Jeremiah Joseph,26,28,2
Jonathan,26,28,2
Edwin Amilgar,25,27,2
Berthold Juneau,122,124,2
Wayne Tyrone,26,28,2
Christian,28,30,2
Joseph,125,127,2
Benjamin Richard,23,25,2
Dennis Sean,26,28,2
Benjamin Franklin,127,129,2
Charles W.,28,30,2
Jeremy Michael,26,28,2
Oscar Theodore,126,128,2
Elmer E.,27,29,2
James Allen,25,27,2
Robert Joseph,128,130,2
Paul Henry,123,125,2
William Booth,122,124,2
Norris Stephen,27,29,2
Kenneth Douglass,20,22,2
Michael Frederic,23,25,2
Waldis,23,25,2
Adam Bryant,22,24,2
Arthur Henry,121,123,2
Benjamin Joseph,24,26,2
Bobby Earl,22,24,2
George Howard,127,129,2
Gregory Bernard,24,26,2
Daniel Lee,25,27,2
Stephen Chadwick,25,27,2
William Christian,123,125,2
Jason Cory,27,29,2
Charles Herbert,121,123,2
Gerald Joseph,24,26,2
William L.,123,125,2
Forrest Vandergrift,29,31,2
Christopher James,31,33,2
Ryota,31,33,2
Jose Antonio,21,23,2
Hisashi,31,33,2
Daryl Keith,26,28,2
Brett Elliott,24,26,2
George Christopher,129,131,2
William Frederick,131,133,2
James Scott,124,126,2
Jeffrey Owen,24,26,2
Brock Wyatt,24,26,2
Wallace James,125,127,2
John Bernard,125,127,2
James Micah,28,30,2
Jamie Richard,25,27,2
Stewart Edward,131,133,2
Jerome O'Bryan,22,24,2
John Bryan,25,27,2
Calvin Grey,25,27,2
Edward Hicks,125,127,2
Joseph Francis,121,123,2
Robert Clyde,129,131,2
Jesse Terrill,128,130,2
Hunter Benjamin,124,126,2
William Edward,29,31,2
James Robert,122,124,2
Edward Russell,27,29,2
Jason Michael,24,26,2
Clarence Clemet,127,129,2
Steven Douglas,25,27,2
John Eric,26,28,2
Thomas Lee,23,25,2
Brett,25,27,2
Wilson,23,25,2
Diory,25,27,2
Robert Edward,19,21,2
Earn Albert,126,128,2
Pedro Michel,23,25,2
Kenneth David,25,27,2
Elian,27,29,2
Christopher Ryan,25,27,2
Frank Joseph,26,28,2
Willard McKee,128,130,2
James Duffy,30,32,2
Benjamin John,23,25,2
Eric James,24,26,2
Alfred Michael,33,35,2
Edward John,26,28,2
Hugh Joseph,128,130,2
Christopher John,31,33,2
Adeiny,23,25,2
Juan Ramon,23,25,2
Patrick William,124,126,2
Jason Thomas,26,28,2
Thomas J.,124,126,2
Sean Robert,26,28,2
Rafael Jose,23,25,2
Patrick Neal,27,29,2
Daniel John,25,27,2
George Woodrow,128,130,2
Michael Wayne,23,25,2
Andrew Lee,25,27,2
Glenelg Edward,25,27,2
George Henry,24,26,2
Jorge,25,27,2
John Reed,26,28,2
Charles,122,124,2
Jacob Tanner,25,27,2
Joselo Soriano,26,28,2
Leo Louis,127,129,2
Paul Franklin,21,23,2
Matthew Brian,23,25,2
Scott Michael,25,27,2
James Bernard,26,28,2
Elijah David,23,25,2
Thomas Jerome,24,26,2
Thomas Kendall,127,129,2
Samuel Harrison,26,28,2
William Clayton,123,125,2
Logan Gaffney,123,125,2
James Brian,25,27,2
William Joseph,119,121,2
Thomas Joseph,24,26,2
Darin Burton,28,30,2
David Barclay,22,24,2
Carl Robert,24,26,2
Blaine Alphonsus,121,123,2
Luis A.,23,25,2
Andrew Jackson,18,20,2
Vernon Van Duke,123,125,2
Augustus Joseph,130,132,2
Scott Allen,26,28,2
John Francis,124,126,2
Joshua Wayne,26,28,2
Gordon Hugh,122,124,2
Adam Cory,24,26,2
Gary Louis,25,27,2
Samuel Isaac,24,26,2
Kenneth Logan,26,28,2
Arthur Joseph,125,127,2
Fausto Santiago,22,24,2
Frank Patrick,121,123,2
Richard Steven,28,30,2
Peter Joel,24,26,2
Anthony Paul,127,129,2
William,21,23,2
Jordan Cooper,26,28,2
Joseph John,22,24,2
William James,124,126,2
Benjamin Baldy,128,130,2
Charles Edward,23,25,2
Jack Patrick,24,26,2
Charles Henry,28,30,2
Korwin Jay,24,26,2
Samuel Vincent,25,27,2
Enerio,25,27,2
Joseph Nicholas,132,134,2
Michael Curtis,23,25,2
Robert Jack,24,26,2
William Henry,25,27,2
Patrick Leonard,24,26,2
Sefat Farid Yu,26,28,2
Andre Anter,26,28,2
William Simpson,122,124,2
Joseph Jonathan,23,25,2
George Washington,23,25,2
David Lawrence,23,25,2
Robert Edward,25,27,2
Gerald Edward,25,27,2
Lawrence Columbus,121,123,2
Joseph Thomas,31,33,2
Trench Neal,25,27,2
William Joseph,25,27,2
Fritzie Lee,25,27,2
William F.,23,25,2
Richard Butler,20,22,2
Joseph Harrison,124,126,2
James Joseph,25,27,2
Sherman Stanley,26,28,2
Timothy Hugh,27,29,2
Eugene Louis,123,125,2
Edwin Josue,19,21,2
Ronald Douglas,26,28,2
Charles Howard,123,125,2
Mark Mundell,24,26,2
Harvey Louis,122,124,2
Fernando,24,26,2
Shane Jeremy,24,26,2
James Marion,26,28,2
Edward Thomas,125,127,2
Howard Oliver,123,125,2
Frederick William Hotchkiss,33,35,2
Daniel Thomas,21,23,2
Pasqual,23,25,2
Eugene,129,131,2
David Raymond,24,26,2
Alta Albert,123,125,2
Vincent Norman,25,27,2
Edgard Alexis Velazquez,23,25,2
Clement Lambert,128,130,2
Danny,23,25,2
Jeffrey Darrin,24,26,2
Kenneth Brian,22,24,2
Edgar George,118,120,2
Buck,24,26,2
William Henry,129,131,2
Michael Peter,27,29,2
Vincent Charles,126,128,2
Elio,24,26,2
Robert Michael,21,23,2
Adron Lamar,25,27,2
Albert Eugene,22,24,2
Yoenis,27,29,2
Floyd John,26,28,2
Scott Michael,24,26,2
Italo Vincent,121,123,2
Robinson,26,28,2
Wei-Yin,27,29,2
Joseph,25,27,2
Raymond,127,129,2
Harry Perry,21,23,2
Bert Edgar,127,129,2
John Curtis,31,33,2
William Fred,123,125,2
Nelson Boyd,25,27,2
Robert Charles,23,25,2
Loyd Eugene,126,128,2
Clarence Nottingham,27,29,2
Anthony Michael,23,25,2
Robert Suter,24,26,2
Andrew Lee,28,30,2
Carter Lewis,22,24,2
Bartholomew L.,28,30,2
Ramon,24,26,2
Cecil Bradford Patrick,125,127,2
Armand Joseph,123,125,2
Javier Peterson,25,27,2
George Anthony,24,26,2
Salvatore John,27,29,2
Winfield Scott,23,25,2
Robert Plantagenet Llewellan,24,26,2
Francisco Jose,27,29,2
Ronald Thomas,24,26,2
Archibald Stewart,125,127,2
Henry Richardson,125,127,2
Kevin John,28,30,2
Kole Alan,25,27,2
John Joseph,23,25,2
David Lee,25,27,2
Jesse Craig,28,30,2
William Christopher,26,28,2
Robert Alan,25,27,2
Marcos Jose,21,23,2
Rickey Alan,22,24,2
John David,25,27,2
Glen F.,28,30,2
Lorenzo Antonio,23,25,2
Curtis Cordell,26,28,2
Michael Richard,125,127,2
Wladimir Ramon,23,25,2
Jeffrey Michael,26,28,2
Delmer David,122,124,2
Frank,25,27,2
Albert Wells,122,124,2
Abraham Lincoln,124,126,2
Charles Roger,25,27,2
Rafael,28,30,2
Brian Michael,26,28,2
James Blaine,124,126,2
Joseph Edward,125,127,2
Norman Delaney,22,24,2
Steven Charles,23,25,2
Edward,123,125,2
Larry Richard,27,29,2
Brandon Michael,26,28,2
Victor Dee,122,124,2
Facundo Anthony,29,31,2
Leslie Earl,123,125,2
George Bernard,122,124,2
Justin Christopher,25,27,2
John Henry,23,25,2
Shayne Anthony,25,27,2
Duane Arthur,26,28,2
Edwin Daniel,25,27,2
Stephen B.,22,24,2
John,27,29,2
Charles C.,21,23,2
Jeffrey Ryan,25,27,2
Joshua Lee,24,26,2
Oliver Perry,27,29,2
Charles Alfonzo,22,24,2
Randall Colter,28,30,2
Clifford,22,24,2
Theodore Lester,26,28,2
Jonah James,25,27,2
Trevor Andrew,21,23,2
Justin Reis,24,26,2
Albert,25,27,2
Michael,26,28,2
Gordon Blaine,25,27,2
Kevin Patrick,26,28,2
Charles Frederick,134,136,2
Stephen Arnold Douglas,24,26,2
Richard Kipp,23,25,2
Lucas Matthew,24,26,2
Eduardo Elixbet,26,28,2
Jose,129,131,2
Clifford Alexander,126,128,2
Talmadge Lafayette,121,123,2
Reginald Damascus,26,28,2
Harry Frederick,129,131,2
Joel Lee,25,27,2
Matthew James,24,26,2
John Michael,20,22,2
Jose Edgardo,26,28,2
Daniel Ray,20,22,2
Porfirio,30,32,2
Rafael D.,124,126,2
Dale LeBeau,24,26,2
Mack Pendleton,124,126,2
Abraham,22,24,2
Gabriel de Jesus,24,26,2
Wayne Harper,122,124,2
Edward Allen,25,27,2
Rogelio,22,24,2
Antonio Enrique,23,25,2
Cody Edward,24,26,2
Israel,27,29,2
Robert Somerville,33,35,2
Brian Marshall,21,23,2
Gerald Paul,22,24,2
Jeffrey Wellington,25,27,2
James Parker,28,30,2
Phillippe,23,25,2
Bryan Christopher,23,25,2
James Curtis,29,31,2
Mitchell Shane,24,26,2
Frederic John,27,29,2
William Mallory,128,130,2
Jeffrey Todd,29,31,2
Howard Lee,24,26,2
Frederick Middleton,121,123,2
Jacob Stuart,23,25,2
William Askew,122,124,2
Luis Armando,23,25,2
Oscar Gregorio,25,27,2
Charles Amos,130,132,2
Robert Ernest,30,32,2
Jason Roger,24,26,2
Vicente,23,25,2
Lars Eric,23,25,2
Joshua Aaron,25,27,2
Walter Carl,120,122,2
Richard Arlen,30,32,2
Alberto A.,24,26,2
Frank Julian,126,128,2
Jose Raimundo,25,27,2
Charles Anthony,125,127,2
Norichika,30,32,2
Maurice John,125,127,2
Christopher Alan,24,26,2
Haskell Clark,120,122,2
Rivington Martin,122,124,2
David Solomon,33,35,2
Kurt Daniel,26,28,2
Adoniram Judson,27,29,2
Michael David,25,27,2
Jeffrey Thomas,26,28,2
Brian Scott,25,27,2
Quintin Lonell,28,30,2
Brian William,23,25,2
Charles Louis,120,122,2
Joseph Myles,22,24,2
James,127,129,2
Kevin DeWayne,25,27,2
Damaso,31,33,2
John Robert,27,29,2
Ethan Allen,22,24,2
Frederick William,126,128,2
Clarence Vick,129,131,2
Richard Lee,24,26,2
Christopher Scott,29,31,2
Joshua Gibson,21,23,2
Eddie Keith,27,29,2
Jung Keun,22,24,2
Rodney Earl,25,27,2
Thomas Joseph,26,28,2
Richard Werner,25,27,2
Jacob John,123,125,2
Angel Alfonso,27,29,2
Mark Clay,25,27,2
William George,126,128,2
Frederick F.,122,124,2
Mark Allen,25,27,2
Herbert Theodore,124,126,2
Jacob Henry,20,22,2
Gilbert Herman,129,131,2
Brian Christopher,25,27,2
Charles James,126,128,2
Stewart Cole,120,122,2
Cedrick Jerome,30,32,2
Ernest Ferrell,26,28,2
Bradley George,24,26,2
William David,22,24,2
Nathan Louis,27,29,2
DeWayne Allison,30,32,2
Daniel L.,22,24,2
Freddie Thomason,26,28,2
Enrique,28,30,2
Ambiorix,21,23,2
Mack Edwin,21,23,2
Richard Simon,20,22,2
Wallace Harper,27,29,2
Edgar John,126,128,2
Justin Brent,23,25,2
Cecil Dean,25,27,2
Jim Scott,26,28,2
Paul Miller,123,125,2
Brian Phillip,26,28,2
Larry Allen,25,27,2
Joseph James,127,129,2
Sheldon John,24,26,2
Michael Alan,24,26,2
Richard Dwight,24,26,2
Milton John,127,129,2
James W. H.,24,26,2
Kevin Dewayne,24,26,2
Marty Leo,25,27,2
Mark Phillip,23,25,2
Andrew Aaron,25,27,2
Drummond Nicol,128,130,2
Dustin William,27,29,2
Walter Roy,122,124,2
Ralph Wendell,24,26,2
Tony Mike,26,28,2
Jack Herndon,126,128,2
John Frederick,122,124,2
Brent David,25,27,2
Danny Richard,27,29,2
Herbert Frederick,124,126,2
Christopher Daniel,24,26,2
Bradford Albert,27,29,2
Lance Daniel,24,26,2
Juan Ramon,23,25,2
Franklin Lee,25,27,2
Terrance Paul,25,27,2
Michael Troy,28,30,2
Jacob Jeffery,28,30,2
Ricardo J.,129,131,2
Wyatt Reeder,27,29,2
Philip H.,25,27,2
Thomas Howard,24,26,2
Felix,30,32,2
Paul Louis,27,29,2
Nicholas Joseph,122,124,2
Carlos Manuel,22,24,2
William Leonard,25,27,2
Joseph Gerard,25,27,2
Robert Lee,27,29,2
Oscar Monzon,125,127,2
Robert Malcolm,26,28,2
Shawn Mark,24,26,2
Jorge Luis,24,26,2
Thomas Arthur,25,27,2
William J.,24,26,2
Benjamin Robert,25,27,2
Tyler Michael,24,26,2
James Alfred,121,123,2
John Parkinson,26,28,2
Paul Gayton,24,26,2
Timothy Layne,25,27,2
Jonathan Eugene,29,31,2
Christian Gerald,23,25,2
John Henry,126,128,2
Joseph John,24,26,2
Benjamin Ashley,25,27,2
Scott T.,26,28,2
Hediberto,23,25,2
Virgil Matthew,25,27,2
James Ernest,25,27,2
Brayan Rene,24,26,2
Gene Kermit,23,25,2
Dario Antonio,23,25,2
Joseph Henry,123,125,2
Jonathan William,25,27,2
Guy Isbel,123,125,2
George Elkins,121,123,2
Thomas Mullen,23,25,2
Arnold William,22,24,2
Frank W.,126,128,2
Robert Ellwood,125,127,2
Albert Thomas,134,136,2
Thomas Herbert,24,26,2
William August,121,123,2
Jack Elmer,29,31,2
Jordany V.,25,27,2
Reginald Sherard,28,30,2
Paul Louis,123,125,2
Joshua Michael,25,27,2
Stanley Arthur,24,26,2
Leo Thomas,123,125,2
Michael Bruce,22,24,2
Adam Parrish,25,27,2
Mark Thomas,25,27,2
Chris Gilbert,23,25,2
Bryan Matthew,26,28,2
Bruce Frederick,22,24,2
Alfred Holmes,121,123,2
Bradley Roy,25,27,2
Stephen Guy,28,30,2
Pedro,26,28,2
Pedro A.,25,27,2
Ernest Augustus,125,127,2
Nicholas James,26,28,2
Ernest Robert,123,125,2
John Miles,123,125,2
Howard John,121,123,2
Darrell Lamont,25,27,2
Walter Franklin,122,124,2
Oliver Kirby,125,127,2
Matthew Joseph,26,28,2
Joyner Michael,25,27,2
William O.,21,23,2
Ryan Gerard,24,26,2
Albert James,125,127,2
Lyndon Earl,129,131,2
Jacob,25,27,2
Frederick Charles,27,29,2
Julian Valentine,125,127,2
John,25,27,2
Edwin Nicholas,126,128,2
Justin Morgan,23,25,2
Brandon Eric,24,26,2
Charles John,128,130,2
William Patrick,25,27,2
James Eric,25,27,2
Jeffrey Ross,27,29,2
Joseph Edmund,24,26,2
William Clinton,23,25,2
George Washington,122,124,2
Timothy R.,25,27,2
Floyd Edwin,122,124,2
Frank Thomas,122,124,2
Jon Edward,27,29,2
Alan Michael,34,36,2
Dean Allan,23,25,2
Joseph Andrew,22,24,2
Franklin Delano Roosevelt,25,27,2
Joseph Dank,121,123,2
Matthew Evan,24,26,2
Charles William,120,122,2
Dallas McKinley,23,25,2
Robert Elias,127,129,2
Justin James,25,27,2
Lewis DeWitt,130,132,2
Craig Franklin,28,30,2
Vernon Sprague,122,124,2
Rees Gephardt,122,124,2
Frank Blaine,129,131,2
John Joseph,20,22,2
Steven Joseph,25,27,2
Alan Lee,22,24,2
Roy Chamberlain,124,126,2
Brian Thomas,27,29,2
Reinder Albertus,29,31,2
William Lewis,124,126,2
George Rowland,123,125,2
Edward Robert,24,26,2
Timothy Dayle,27,29,2
Roy Winton,121,123,2
James Leon,28,30,2
James Edward,127,129,2
Archie Joseph,125,127,2
James Almond,121,123,2
Stanley Lewis,127,129,2
Harlan,125,127,2
Byron Wardsworth,126,128,2
David William,20,22,2
Christopher Patrick,26,28,2
Sean David,24,26,2
Clarence Dickson,120,122,2
Manuel,27,29,2
Randy Radames,31,33,2
Matthew Alexander,27,29,2
Chance Kraig,23,25,2
Darin Cortland,26,28,2
Kenneth Darrell,30,32,2
W. Edward,25,27,2
Robert Charles,23,25,2
Chester Franklin,121,123,2
Michael George,25,27,2
Mark Elliot,24,26,2
Charles Kevin,24,26,2
Minervino Alejandro,33,35,2
David Grant,26,28,2
Leslie Norvin,21,23,2
Jose Rafael,21,23,2
Ronald James,24,26,2
Trevor Jordan,22,24,2
Emerson Corey,126,128,2
Brian James,27,29,2
John Edward,24,26,2
Max,129,131,2
Michael John-Ferrero,28,30,2
Eugene Lawrence,23,25,2
Rolando Audley,26,28,2
Rafael Antonio,26,28,2
Carlos,24,26,2
John Christopher,22,24,2
Leonel,27,29,2
Eduardo Nazareth,22,24,2
Jared Lawrence,23,25,2
Israel,25,27,2
David Andrew,24,26,2
Anthony Marcus,25,27,2
Amado Ruperto,24,26,2
Clint Joseph,24,26,2
Joshua Alan,23,25,2
Robert James,26,28,2
Jae Kuk,23,25,2
Frank,27,29,2
Theodore,24,26,2
Juan,28,30,2
Anthony Scott,23,25,2
David J.,24,26,2
Angel Ramon,22,24,2
Roy Lee,124,126,2
Jose Guillermo,26,28,2
Benjamin Turner,122,124,2
Robert Joseph,25,27,2
Alexander,127,129,2
Joseph Arthur,22,24,2
Arthur Otto,127,129,2
Allen George,125,127,2
Walter,122,124,2
Duane Earl,22,24,2
Larry Allan,27,29,2
Tyler Wayne,21,23,2
Peter,123,125,2
James Gerard,24,26,2
Andrew Frank,22,24,2
Leven Lawrence,20,22,2
Andrelton A.,23,25,2
Tomas Roberto,25,27,2
Harry,127,129,2
Moises,24,26,2
Wesley Peter,123,125,2
Edward James,123,125,2
Walter Donald Aloysius,133,135,2
Ronald Wayne,24,26,2
Dennis Lee,22,24,2
Eugene Anthony,122,124,2
Royden Richard,122,124,2
Tsuyoshi,29,31,2
Richard Louis,23,25,2
Daniel Webster,24,26,2
Albert Berley,128,130,2
Hollis Kimball,31,33,2
David Lee,23,25,2
Konrad Albert,26,28,2
Tanner Ross,25,27,2
Theodore J.,24,26,2
Jeffrey Alan,28,30,2
Leonard Bernard,128,130,2
Christopher Keith,28,30,2
Otto H.,22,24,2
Jerald Lee,22,24,2
Frank Peter,25,27,2
Gary Wayne,21,23,2
Ralph Laurence,26,28,2
Henry Kenneth,123,125,2
Zachary Ernest,24,26,2
Jean Carlos Enrique,22,24,2
Charles Henry,123,125,2
Wayne Allison,28,30,2
Floyd John,129,131,2
Juan Luis,24,26,2
William Jefferson,24,26,2
Stanley Kenneth,122,124,2
Stanley Roger,29,31,2
John Robert,23,25,2
Steven Michael,29,31,2
Timothy Floyd,22,24,2
David Rotchford,29,31,2
George Benjamin,25,27,2
Ricky Francis,26,28,2
Henry John,124,126,2
Carl Ray,28,30,2
Walter McQueen,124,126,2
Jeffrey Allen,26,28,2
Milton Henry,126,128,2
Benjamin Saunders,124,126,2
James Earl,26,28,2
Gene Urban,27,29,2
Nicholas Lee,26,28,2
Charles Edward,125,127,2
Stephen Blair,26,28,2
Craig Leo,25,27,2
Herman Paul,25,27,2
Zach Hart,26,28,2
Richard Michael,23,25,2
Roman Ali,25,27,2
Donovan,25,27,2
John Michael,24,26,2
Earl Clifford,26,28,2
Louis Francis,26,28,2
William Michael,23,25,2
Esix,26,28,2
Todd Andrew,23,25,2
Raymond Edward,26,28,2
Ronald Reece,24,26,2
Brian John,25,27,2
William Grover,24,26,2
John S.,121,123,2
Walter Clayton,124,126,2
Jon David,26,28,2
Robert Ashley,123,125,2
Gregory Alan,22,24,2
Gregory Thomas,25,27,2
Richard Arthur,24,26,2
Daniel Scott,23,25,2
Christopher William,24,26,2
Christopher Michael,27,29,2
Clay Jamieson,124,126,2
Kenneth Earl,23,25,2
Jack Hatfield,27,29,2
David Theodore,27,29,2
Arthur Leonard,19,21,2
Russell Guy,28,30,2
James Joseph,23,25,2
James Gilbert,25,27,2
Michael Christopher,25,27,2
James Richard,127,129,2
Edward Anthony,21,23,2
Sterling Alpa,129,131,2
Jamal Najar,25,27,2
Daniel Steven,24,26,2
Joseph Allan,25,27,2
Walter Herbert,19,21,2
Joseph,26,28,2
Fred Warren,128,130,2
Royle Eldon,24,26,2
Archibald Ray,127,129,2
Phillip Matthew,26,28,2
Frederick Rankin,26,28,2
Aaron Wade,25,27,2
Ty Andrew,24,26,2
Fred Joseph,129,131,2
Craig B.,26,28,2
Jarvis,22,24,2
Dennis Lee,23,25,2
Jerry Lynn,24,26,2
Joshua Ernest,126,128,2
Peter Jay,25,27,2
John J.,25,27,2
Leo Raymond,27,29,2
Larry Wayne,26,28,2
Frederick Harvey,126,128,2
Arthur John,126,128,2
Everett James,27,29,2
Bruce Bell,24,26,2
Wilfredo Aristides,24,26,2
Blake Aaron,24,26,2
Richard Morley,26,28,2
Morris DeWayne,27,29,2
Thomas Francis,127,129,2
John Joseph,30,32,2
Anderson Javier,22,24,2
Julio Segundo,24,26,2
Jean Manuel,30,32,2
Andres Apolonio,24,26,2
Manuel Arturo,20,22,2
Alexander,24,26,2
Scott,25,27,2
Oswaldo Antonio,25,27,2
James Michael,23,25,2
Joseph Charles,128,130,2
Michael Bryant,26,28,2
Richard Wesley,24,26,2
Gonzalo Enrique,26,28,2
Harry Sylvester,122,124,2
John Nicholas,23,25,2
Georges Henri,28,30,2
Jhan Carlos,22,24,2
Jay William,24,26,2
Milo May,129,131,2
Christopher,23,25,2
Reyenaldo Ignacio,26,28,2
Starling Javier,24,26,2
Frank Joseph,19,21,2
John Christopher,125,127,2
William Joseph,125,127,2
Henry,27,29,2
Paul Nicholas,125,127,2
Robert Gordon,27,29,2
Damon Wayne,27,29,2
Wid Curry,127,129,2
Harry George,124,126,2
Richard Carlton,26,28,2
Richard,125,127,2
Ernest Gerald,123,125,2
Thomas Raymond,25,27,2
Douglas Alan,25,27,2
Ronald Vance,27,29,2
David Michael,26,28,2
James Brian,28,30,2
Michael Douglas,24,26,2
Michael Angelo,27,29,2
Alessandro,23,25,2
Walter Fred,125,127,2
Jose Geraldo,26,28,2
Sandy David,23,25,2
Justin Paul,27,29,2
Richard Paul,23,25,2
Stephen Neal,24,26,2
James Matthew,24,26,2
William H.,26,28,2
Carlos Antonio,28,30,2
David Dennis,26,28,2
Pedro Michel,21,23,2
Anthony Eugene,25,27,2
Brian James,24,26,2
James M.,29,31,2
Radhames Corey,24,26,2
Dennis Gerald,24,26,2
Wes Avi,24,26,2
Donald Jeffrey,26,28,2
Everett Adrian,122,124,2
Howard Sylvester,122,124,2
Ronald John,25,27,2
George Herbert,127,129,2
Robert Lee,29,31,2
Thomas Robert,24,26,2
Gordon Thomas,26,28,2
Fernando Jose,23,25,2
Lucas Lester,25,27,2
Cory Robert,25,27,2
Raphael Anthony,21,23,2
Louis Joseph,125,127,2
Steven George,26,28,2
Leonard Walker,21,23,2
Vance Odell,25,27,2
Lynn Richard,33,35,2
Aaron Christopher,25,27,2
Collin Alexander,25,27,2
Walter Howard,123,125,2
Lawrence G.,18,20,2
James Arthur,24,26,2
Emmett James,126,128,2
Cody Dean,28,30,2
John T.,25,27,2
Ulysses Simpson Grant,134,136,2
James William,121,123,2
Pryor Mynatt,128,130,2
Leon,24,26,2
Edward Cyril,125,127,2
Henry Monroe,120,122,2
David Bruce,26,28,2
Michael Joseph,33,35,2
Rodney Duncan,27,29,2
Larry Stephen,25,27,2
William John,119,121,2
William Francis,126,128,2
Joseph Macay,23,25,2
Matthew Hagerty,27,29,2
James Adelbert,21,23,2
Michael Melton,25,27,2
Gregory O'Neil,28,30,2
Antonio Gustavo,27,29,2
Paul Gerard,26,28,2
Edward,127,129,2
Jordy Joe,26,28,2
Luis Roberto,23,25,2
Donaldo Alfonso,23,25,2
David Olin,28,30,2
Jonathan Michael,23,25,2
John Warren,29,31,2
Edward Mason,22,24,2
George Washington,121,123,2
Michael Henry,25,27,2
George Dewey,124,126,2
Charles,125,127,2
Jason Douglas,26,28,2
John Barton,25,27,2
Brian Scott,25,27,2
Leonard Ray,124,126,2
Charles Richard,122,124,2
Scott Howard,27,29,2
Justin Theodore,119,121,2
Rosaire Allen,20,22,2
Charles Crosby,123,125,2
Glen Hubert,129,131,2
Leslie Ernest,126,128,2
William Henry,25,27,2
Joseph Aloysius,125,127,2
Avery Bryan,25,27,2
Henry W.,25,27,2
Jose de los Santos Mauricio,23,25,2
Ramon Rafael,21,23,2
Charles Vincent,124,126,2
Kelvin Orlando,24,26,2
Bradley Alan,24,26,2
Euel Walton,126,128,2
Tyler Michael,25,27,2
Rudolph Anthony,25,27,2
George Earl,121,123,2
Michael Randall,26,28,2
Craig Seton,21,23,2
David Allen,26,28,2
Garrett Lee,25,27,2
Raymond James,27,29,2
Felipe Angel,25,27,2
Larry Don,27,29,2
Paul Robert,26,28,2
Ralph Gregory,23,25,2
Shelby Charles,22,24,2
Warren Lemuel,124,126,2
Horace Robert,121,123,2
William Scott,24,26,2
Miles Tice,24,26,2
Ralph Joseph,122,124,2
John Michael,124,126,2
Joseph H.,25,27,2
Michael Joseph,25,27,2
Harry James,128,130,2
Franklin Thomas,128,130,2
Joshua Ray,25,27,2
George Allan,121,123,2
George Adolphe,24,26,2
Charles Edward,119,121,2
Alfredo Jose,27,29,2
Rudy Hector,26,28,2
Kit Donovan,29,31,2
Tyler Brock,23,25,2
Thomas Anthony,24,26,2
Larry John,26,28,2
Jarrod Lane,28,30,2
Carlos,27,29,2
Hipolito,22,24,2
William Nathaniel,24,26,2
Eury Eduardo,22,24,2
Martin,21,23,2
Hernan Alejandro,21,23,2
Luis Manuel,26,28,2
Wily,23,25,2
Chan Everett,28,30,2
Bryan Evan,24,26,2
Carl Francis,30,32,2
Samuel Benedict,26,28,2
Henry Huston,122,124,2
Robert Rey,26,28,2
James Edward,26,28,2
William David,29,31,2
Richard Blake,27,29,2
James,123,125,2
Artie William,126,128,2
Jarrod Brent,23,25,2
Derek Gavin,24,26,2
Jose Antonio,24,26,2
Forrest Gordon,126,128,2
Marvin Clement,124,126,2
Theodore Otto,124,126,2
Michael George,24,26,2
Edward R.,28,30,2
Oran Herbert,126,128,2
William John,124,126,2
William Joseph,22,24,2
Ricardo,23,25,2
Daniel Anthony,27,29,2
Wilferd Pearl,124,126,2
Jose Luis,22,24,2
Jose Daniel,23,25,2
Chad Robert,25,27,2
Jordan,24,26,2
Hubbard Edwin,124,126,2
Derek Russell,23,25,2
Roberto,25,27,2
Abraham,25,27,2
Gerald Smith,26,28,2
Samuel Anderson,19,21,2
Elmer Leroy,125,127,2
Kirk Robert,25,27,2
Juan Manuel,21,23,2
Alfred Joseph,123,125,2
Rafael Miguel,32,34,2
Ramon A.,23,25,2
Kirt Stanley,29,31,2
Kevin Gary,25,27,2
Thomas Joseph,129,131,2
Trent Carl Wayne,26,28,2
Jacob Todd,22,24,2
Douglas Alan,26,28,2
Donald Leigh,22,24,2
Alfred Henry,23,25,2
Heber Hampton,132,134,2
Raymond Francis,26,28,2
Ernest Alonzo,124,126,2
Donald Louis,25,27,2
Robert Sidney,19,21,2
Kenneth Leland,124,126,2
Philip,23,25,2
Kristopher David,26,28,2
Troy Lee,27,29,2
Robert Howard,24,26,2
Herman John,128,130,2
Russell Charles,24,26,2
Clinton Scott,24,26,2
Joseph Shane,25,27,2
Scott Michael,25,27,2
William R. W.,26,28,2
Joseph Aloysius,127,129,2
Jeffrey Dean,21,23,2
Clarence George,25,27,2
James Herman,129,131,2
Rudolph Valentino,24,26,2
Michael John,130,132,2
John Burwell,28,30,2
Darren A. Douglass,25,27,2
Todd Richard,27,29,2
Danny Adam,24,26,2
Robert John,128,130,2
Kevin Jay,27,29,2
William Daniel,27,29,2
Xavier Frederick,131,133,2
Dennis Michael,25,27,2
Gordon Clark,26,28,2
Allen Gordon,24,26,2
Frederick R.,23,25,2
Charles Dawson,124,126,2
Bienvenido,24,26,2
German,23,25,2
Andrew John,21,23,2
James Norman,126,128,2
Curtis Benjamin,25,27,2
Michael Francis,26,28,2
Jeriome Paul,25,27,2
Bruce Philip,24,26,2
Kenneth Neal,26,28,2
Clinton Michael,27,29,2
Dewey Everett,24,26,2
Eddy,23,25,2
Patrick Edward,21,23,2
Michael Joseph,25,27,2
Oscar Manuel,29,31,2
Rosario Isabel,20,22,2
Ruben Dario,22,24,2
Steven Francis,21,23,2
Guillermo Segundo,29,31,2
Jose,122,124,2
Jose Ilich,26,28,2
Clarence Lemuel,126,128,2
Zachary David,25,27,2
Kyle Ray,25,27,2
Raymond Lester,127,129,2
Edwin John Otto,127,129,2
Jorge Moises,25,27,2
Lavern Jack,24,26,2
Jeffrey Mark,22,24,2
Leon Arthur,133,135,2
Christopher Michael,25,27,2
Otto Casper,127,129,2
Kyle Johnathan,23,25,2
Robert Raymond,26,28,2
George William Paul,20,22,2
David Edward,26,28,2
Raymond William,127,129,2
Thomas Allen,29,31,2
Brett Michael,27,29,2
William Lerton,123,125,2
Marc George,27,29,2
Christopher Francis,24,26,2
James Willard,123,125,2
Cletus Elwood,122,124,2
Allen Lorenz,25,27,2
Leopoldo Jesus,24,26,2
James Ralph,130,132,2
Marquis Donnell,27,29,2
Thomas,25,27,2
Jason Paul,25,27,2
David Christopher,27,29,2
Alexander Ramon,24,26,2
Erasmo Jose,22,24,2
Alejandro,26,28,2
Maximiliano R.,24,26,2
William H.,21,23,2
Thomas A.,126,128,2
Jose Guillermo,23,25,2
Brian Charles,28,30,2
Michael Gregory,26,28,2
Stephen Michael,23,25,2
James Edward,23,25,2
Luke Webber,26,28,2
George,24,26,2
Kenneth Luke,22,24,2
Landon Reed,27,29,2
Robert Leroy,22,24,2
Ross John,25,27,2
Abner Charles,24,26,2
Jeremy Robert,22,24,2
Arquimedez,22,24,2
Andrew Elias,23,25,2
Albert George,24,25,1
Lester John,127,128,1
Leslie Edwin,129,130,1
Ellis Foree,126,127,1
Thomas Ryan,25,26,1
George Pepper,125,126,1
John Arthur,31,32,1
Melvin Aloysius,126,127,1
James Edwin,25,26,1
John Lloyd,121,122,1
Michael Gary,25,26,1
James Calvin,127,128,1
Charles Leroy,124,125,1
Jurickson Barthelomeus,19,20,1
John Gooding,120,121,1
Alejandro Antonio,27,28,1
Walter Farr,22,23,1
John G.,22,23,1
Charles Henry,25,26,1
Joshua Wayne,28,29,1
Arthur Lincoln,24,25,1
Luis Joaquin,23,24,1
Clarence Carr,121,122,1
Leon Abner,124,125,1
Yasiel,23,24,1
Robert Edward,27,28,1
Ramon A.,26,27,1
Roberto,27,28,1
Jose,21,22,1
Hector Bienvenido,28,29,1
Robert Arthur,26,27,1
Elmer Donald,123,124,1
John Austin,122,123,1
Brooks Lee,24,25,1
Eric James,24,25,1
Frank Roland,128,129,1
Steven Nicholas,24,25,1
Lawrence Glenn Hope,27,28,1
Robert Lee,22,23,1
Colin Frederick,28,29,1
Harlin Welty,126,127,1
Ned Swindell,121,122,1
Kevin Michael,27,28,1
John William,27,28,1
Gaylen Richard,28,29,1
Edward Arthur,26,27,1
Elmo Alexander,24,25,1
Alexander,124,125,1
Jacob Albert,123,124,1
Josmil Oswaldo,24,25,1
Kevin Andrew,24,25,1
Stolmy Ramon,23,24,1
Manuel Elias,24,25,1
Luis A.,27,28,1
Joshua Aaron,25,26,1
James Dickson,30,31,1
John,125,126,1
Frederick Lee,123,124,1
Steven Bradley,25,26,1
Jacob Steven,25,26,1
Harry Jonathan,23,24,1
Clarence Douglas,122,123,1
Urbane Henry,132,133,1
Aloysius Edward,126,127,1
Tony Michael,21,22,1
Albert Felix,125,126,1
Carmen Peter,25,26,1
Steven Robert,26,27,1
John Joseph,27,28,1
Henry Alejandro,22,23,1
Fernando Pedro,34,35,1
Francisco,27,28,1
Rafael,25,26,1
Thomas James,28,29,1
Trayvon Andrew Dwayne,24,25,1
Joseph Anthony,125,126,1
Isaac Broc,129,130,1
Wilbur Kincaid,128,129,1
William Sherman,122,123,1
Richard Martin,24,25,1
Aneury,24,25,1
Charles Henry,28,29,1
David Tanner,24,25,1
Tyler Patrick,25,26,1
Clarence Ashley,125,126,1
James Newsom,129,130,1
Alfred James,26,27,1
Jerry Lee,26,27,1
Thomas Vardasco,120,121,1
Christopher William,27,28,1
James Connor,26,27,1
Daniel,25,26,1
Reggie Blake,26,27,1
Carlos Alberto,25,26,1
Bruce Duane,20,21,1
Tanner B.,27,28,1
Todd Michael,27,28,1
Raymond Sinclair,124,125,1
Beryl Justice,126,127,1
John William,123,124,1
Dustin A.,25,26,1
Russell Earl,24,25,1
Arthur Ramon,121,122,1
Jeffrey Allen,27,28,1
Andre Albanez,25,26,1
Paul David,25,26,1
Andrew David,25,26,1
George Edward,23,24,1
James David,123,124,1
Anthony Michael,23,24,1
Wilhelmus Abraham,25,26,1
Richard Wendell,126,127,1
William Alexander,26,27,1
Jessie Thomas,25,26,1
Laurence P.,19,20,1
Scott Donald,22,23,1
Kenneth Johnston,121,122,1
John Philip,27,28,1
Scott Adam,32,33,1
Leonard Oliver,126,127,1
Ross Ernest,127,128,1
Donald Edward,25,26,1
William Dee,129,130,1
Argenis N.,26,27,1
Rene,25,26,1
George Howard,126,127,1
John,23,24,1
Philip Hayden,122,123,1
Eric Shane,26,27,1
Evan David,28,29,1
Robert Edward,24,25,1
Nicholas D.,26,27,1
Steven Craig,25,26,1
Antone,127,128,1
Kevin Patrick,27,28,1
Carl Grady,126,127,1
Robert Joyce,24,25,1
Stephen Wayne,27,28,1
Robert Andrew,25,26,1
Robert,29,30,1
Barry John,26,27,1
Alfred Gary,25,26,1
Frederick Helsher,25,26,1
Cory Taylor,26,27,1
Cornelius David,23,24,1
John Robert,35,36,1
Robert Sylvester,123,124,1
Joseph Martin Napoleon,126,127,1
Masanori,20,21,1
Arlington John,25,26,1
Thomas Christian,27,28,1
Daniel Saffle,26,27,1
John Ryan,22,23,1
Joseph Akin,20,21,1
John Patrick,123,124,1
Thomas Edward,25,26,1
Daniel,23,24,1
Micheal Yoshihide,27,28,1
Roderick Demond,23,24,1
William Bradford,23,24,1
Lynnwood Lincoln,124,125,1
Neal Gordon,27,28,1
James Joseph,122,123,1
Thomas Joseph,25,26,1
Douglas Williams,123,124,1
George Emmett,130,131,1
Thomas White,127,128,1
John Bradley,26,27,1
James Lorin,23,24,1
James Jacob,24,25,1
William Edward,129,130,1
Nickolas Donald,21,22,1
Morris,22,23,1
Joel Ivan,123,124,1
Maurice Milton,126,127,1
Michael David,25,26,1
Robert Albert,130,131,1
Alan Spencer,30,31,1
Joshua Paul,25,26,1
Paul,124,125,1
Theodore Joseph,119,120,1
James Joseph,122,123,1
John Charles,124,125,1
Daniel Joques,24,25,1
Arthur Ole,128,129,1
James Donald,21,22,1
Edward,22,23,1
Jose,23,24,1
Andrew Allen,23,24,1
Thomas Francis,126,127,1
William Alexander,128,129,1
Ambrose Francis,124,125,1
Franklin Walter,24,25,1
Tsuyoshi,27,28,1
Sean Patrick,24,25,1
Fu-Te,27,28,1
Gerald Arthur,26,27,1
Ryan Craig,24,25,1
Christopher Curtis,27,28,1
Henry A.,25,26,1
Brett R.,24,25,1
Vidal Vicente,26,27,1
Jose Antonio,22,23,1
Franklin,27,28,1
Elisha Strong,23,24,1
Randall William,22,23,1
George Howard,130,131,1
Leo John,128,129,1
John Alan,26,27,1
Henry Willis Patrick,121,122,1
Leslie Eugene,26,27,1
Oswald Christian,128,129,1
Wayne Harold,123,124,1
Larry Patrick,25,26,1
James Michael,24,25,1
Willis Alexander,25,26,1
Thomas Edward,23,24,1
Brian Scott,28,29,1
Timothy Lane,26,27,1
Joseph Henry,130,131,1
Ernest Eugene,23,24,1
William John,122,123,1
Javier Victor,27,28,1
Donald Lee,24,25,1
James Arthur,122,123,1
William Robert,26,27,1
William Edwin,125,126,1
James R.,22,23,1
Clarence McKay,125,126,1
Louis Peter,132,133,1
Edwin Lee,27,28,1
John Paul,21,22,1
Juan Miguel,27,28,1
Henry Jay,27,28,1
Patrick Michael,24,25,1
Christopher Scott,22,23,1
Marcell,23,24,1
Santiago Alberto,25,26,1
Robert Andrew,122,123,1
Melvin Gray,29,30,1
Audris Joel,25,26,1
Juan Carlos,27,28,1
Fernando,25,26,1
Shannon Dion,26,27,1
Jesus,24,25,1
Elvis,24,25,1
Michael Lee,23,24,1
John Paul,128,129,1
Curtis,26,27,1
Stanwood Wendell,122,123,1
James Bugg,125,126,1
Robert Wayne,27,28,1
Joseph William,134,135,1
Robert Lee,124,125,1
Bronswell Dante,28,29,1
Steven Antone,26,27,1
Brock,21,22,1
Jorge Enrique,25,26,1
Jack Chiles,125,126,1
Francisco,24,25,1
Jailen Alphonso,26,27,1
Alexander Franklin,125,126,1
Jason John,27,28,1
William Charles,123,124,1
James Alston,25,26,1
John,24,25,1
Charles Marion,124,125,1
Bradley Austin,24,25,1
Michael Wilfred,22,23,1
James Eldridge,131,132,1
Sam Salvatore,23,24,1
James Charlie,25,26,1
Thomas Royall,121,122,1
Russell Lewis,127,128,1
Robert Fogle,27,28,1
Arthur Grant,124,125,1
Ralph Darwin,25,26,1
Matthew Lincoln,27,28,1
Randall Scott,24,25,1
Neal Keith,25,26,1
Joseph A.,23,24,1
Joseph Anthony,27,28,1
Zachary Charles,27,28,1
Edward Oliver,122,123,1
Monty Bryson,25,26,1
Daniel Francisco,26,27,1
Vincent Leo,129,130,1
Shane Hartland,24,25,1
George Benjamin,128,129,1
Dennis Michael,25,26,1
William Francis,126,127,1
Russell Lance,25,26,1
Charles Ross,22,23,1
Edward M.,20,21,1
Michael,129,130,1
James Edward,27,28,1
James William,127,128,1
Richard Alan,25,26,1
Albert James,123,124,1
Archie Francis,23,24,1
William Henry,125,126,1
Albert Thomas,126,127,1
Angel,26,27,1
Juan Carlos,26,27,1
Cyril Arlon,126,127,1
Michael Joseph,125,126,1
Walter Guy,132,133,1
John Glen,26,27,1
Vernon Thomas,26,27,1
Meredith Goodwin,24,25,1
Edward Jerome,123,124,1
Edwin Willis,122,123,1
Ronald Frank,24,25,1
Joseph Allen,29,30,1
Carlos Javier,26,27,1
Kevin John,24,25,1
Frederick William,126,127,1
James Henry,127,128,1
Danny Walker,22,23,1
John Albert,126,127,1
James Samuel,35,36,1
Kristopher Colt,25,26,1
Thomas J.,26,27,1
Wayne Gaffney,27,28,1
John Henry,23,24,1
John Raymond,122,123,1
James Patrick,27,28,1
David Donald,23,24,1
Peter James,22,23,1
Frank J.,22,23,1
Rafael Eduardo,23,24,1
Yoervis Jose,25,26,1
Thomas Anthony,25,26,1
Norman,22,23,1
Tanner Joe,26,27,1
Robert Peter,26,27,1
Travis Anthony,25,26,1
James Anderson,25,26,1
Melquisedec,25,26,1
Paul B.,122,123,1
Frank Louis,21,22,1
John F.,23,24,1
Brett Alan,27,28,1
Thomas Patrick,124,125,1
Paul William,24,25,1
Joseph Fred,28,29,1
Joseph Nicodemus,124,125,1
Peter William,23,24,1
Harry Charles,24,25,1
Joseph Robert,26,27,1
Henry Eugene,126,127,1
Scott Cook,123,124,1
James Arthur,128,129,1
Larry Randall,27,28,1
Brian Allen,19,20,1
James J.,22,23,1
Alexander Boyd,139,140,1
James John,124,125,1
Donzell,26,27,1
Edward Sebastian,123,124,1
Donald Ross,25,26,1
James Augustus,24,25,1
Max Von,18,19,1
Ray Darnell,23,24,1
Robert Glenn,26,27,1
Louis Anthony,128,129,1
Bernard Joseph,126,127,1
Timothy J.,24,25,1
Mark Andrew,129,130,1
Edward Joseph,125,126,1
James H.,24,25,1
William Keith,27,28,1
James William,126,127,1
Kevin Michael,22,23,1
William Mac,136,137,1
Lamont Amos,23,24,1
Joseph Anthony,23,24,1
James Marion,25,26,1
Roger Hornsby,117,118,1
David John,27,28,1
James William,25,26,1
Frank Gordon,127,128,1
Tony Mark,23,24,1
Joel Jacob,23,24,1
William Patrick,24,25,1
Stover William,18,19,1
Vance Loren,25,26,1
Randall Kent,24,25,1
Louis Bailey,124,125,1
Samuel Joseph,122,123,1
Michael Wallace,22,23,1
Edward Lee,31,32,1
John Charles,128,129,1
Ruddy Joraider,26,27,1
Richard Fred,29,30,1
Mark Francis,28,29,1
James Lewis,23,24,1
Harry August,127,128,1
Zachary Craig,26,27,1
Lyle Kenneth,26,27,1
Donald Thomas,24,25,1
William Allen,25,26,1
Thomas James,24,25,1
Stuart Carlton,27,28,1
Richard Joseph,123,124,1
Douglas Edward,26,27,1
Alberto,22,23,1
Robert James,24,25,1
John Andrew,26,27,1
Robert Kenneth,125,126,1
Jeoffrey Keith,22,23,1
Kevin Dale,24,25,1
Arthur Joseph,126,127,1
Luis Antonio,26,27,1
William John,125,126,1
George Michael,130,131,1
George Edward,30,31,1
Walter Irvin,125,126,1
Steven James,28,29,1
Gregory Lynn,26,27,1
Michael M.,25,26,1
James Anthony,24,25,1
David Dale,25,26,1
Charles James,26,27,1
Terry James,28,29,1
George Lewis,128,129,1
John Louis,123,124,1
Chen-Chang,27,28,1
William Joseph,121,122,1
Charles H.,24,25,1
Rommie Lee,28,29,1
Albert Walter,127,128,1
Carlos Manuel,25,26,1
Scott Edwin,25,26,1
Charles Edwin,125,126,1
William Beverly,121,122,1
Cole Edward,23,24,1
Richard George,28,29,1
Charles Carlisle,126,127,1
Pedro Antonio,24,25,1
Christian Haller,127,128,1
Lyman Gilbert,127,128,1
Jackson Hugh,28,29,1
Carl Emil,124,125,1
Matthew Samuel,25,26,1
David Brian,24,25,1
Robert John,24,25,1
Edward H.,25,26,1
Edwin David,26,27,1
Julius,28,29,1
Osiris G.,24,25,1
Carl Lynwood,24,25,1
Victor Jose,23,24,1
Marcos Aurelio,26,27,1
Henry,120,121,1
Harry Carr,26,27,1
Brandon Eugene,23,24,1
James Powell,126,127,1
Dale Wesley,120,121,1
Onan Kainoa Satoshi,22,23,1
Gordon Richard,22,23,1
Jose,27,28,1
Luis M.,26,27,1
Alphonse Case,27,28,1
Osvaldo,22,23,1
Patrick Francis,125,126,1
John Dale,26,27,1
Rodolfo Hector,23,24,1
Domingo Emilio,25,26,1
Ethan Cash,24,25,1
Alfredo,23,24,1
David Jose,26,27,1
Carlos Ernesto,22,23,1
Alfredo,24,25,1
Leon Alphonse,126,127,1
Luis Alfredo,25,26,1
Donald George,125,126,1
Jacob Shawn,22,23,1
Joseph Emanuel,26,27,1
Louis Stephen,24,25,1
Jeffrey Joseph,26,27,1
Robert Mehmet,26,27,1
Thomas Samuel,26,27,1
George Richard,20,21,1
Donald D.,125,126,1
Kelly John,22,23,1
Dennis Mark,25,26,1
Jose Francisco,25,26,1
John Herman,122,123,1
Michael Seth,25,26,1
Sean Patrick,26,27,1
Joseph Edward,25,26,1
George W.,24,25,1
Robert Paul,23,24,1
Gregory John,26,27,1
Robert Allen,28,29,1
Warner Antonio,24,25,1
Hector Anibal,25,26,1
Jack,25,26,1
Michael William,25,26,1
David Ritchie,27,28,1
Tyler William,25,26,1
Frank Louis,22,23,1
Steven Joseph,25,26,1
John Baxter,125,126,1
Charles Sherman,23,24,1
Nicholas James,25,26,1
Joseph T.,25,26,1
Rodney Scott,25,26,1
Danny Lee,25,26,1
Charles Wesley,26,27,1
Clarence Fletcher,122,123,1
Keith Marshall,29,30,1
Eric Allyn,25,26,1
Vernon Arthur,28,29,1
Caleb John,26,27,1
Henry Joseph,122,123,1
Curtis Barnard,24,25,1
Thomas Neal,26,27,1
Ulysses Grant,126,127,1
Kanekoa Jacob,24,25,1
George Bernhardt,128,129,1
Duane Charles,24,25,1
Ronald Merrill,28,29,1
George Basil,27,28,1
Oadis Vaughn,124,125,1
Robert Joseph,25,26,1
Marion Lee,27,28,1
Kazuhito,24,25,1
Edward Timothy,126,127,1
Shingo,36,37,1
Robert Dale,26,27,1
Ramon Francisco,24,25,1
Yoshinori,36,37,1
Jordan Arthur,25,26,1
Wilbur Arlington,123,124,1
Lee Willie,26,27,1
Kerry Thomas,22,23,1
Craig Steven,26,27,1
Ronald Roy,22,23,1
Charles Eugene,130,131,1
Zachary Robert,25,26,1
William Macklin,130,131,1
Mickey Charles,26,27,1
Howard Edward,120,121,1
Tobi Neal,25,26,1
Edwin Arnold,131,132,1
Albert John,125,126,1
Dwight Ely,127,128,1
Philip,129,130,1
Lester Paul,28,29,1
Patrick Martin,22,23,1
Jesse Cramer,128,129,1
Albert Irving,121,122,1
Wilbur Scott,26,27,1
Joseph Benjamin,38,39,1
Dennis J.,21,22,1
John Lawrence,130,131,1
William Frederick,120,121,1
Charles Anthony,25,26,1
Jesus Marcelo,25,26,1
Guy,128,129,1
Williams,26,27,1
Suter Grant,26,27,1
Leonardo,22,23,1
Glenn Edward,22,23,1
Karl Edward,128,129,1
Johnny Ike,25,26,1
John Hillary,23,24,1
Edward Ottis,123,124,1
Jordan L.,24,25,1
Patrick Keith,23,24,1
Matthew Joel,27,28,1
David Merwin,124,125,1
David Wayne,27,28,1
Charles Edward,31,32,1
Robert Walkup,30,31,1
Robert Allan,22,23,1
Brick Dudley,28,29,1
Emanuel Carr,122,123,1
Calvin Bernard,29,30,1
William Darwin,19,20,1
Robert Jacob,25,26,1
Anthony Thomas,26,27,1
Dwain Clifford,130,131,1
Willard Jehu,125,126,1
Michael Anthony,26,27,1
Peter Luke,22,23,1
Roger Craig,27,28,1
Walter Roy,25,26,1
Van Voorhees,25,26,1
William Nicholas,121,122,1
Raymond John,28,29,1
Jhonatan,27,28,1
Edward G.,22,23,1
John Wesley,128,129,1
William,124,125,1
David Earl,26,27,1
Peter Louis,24,25,1
Max Robert,22,23,1
David Alan,25,26,1
Joseph,24,25,1
Todd Anthony,24,25,1
Joshua Craig,25,26,1
Charles Hurlbut,123,124,1
Frederick Boothe,123,124,1
Stephen Joseph,28,29,1
Raymond,129,130,1
Bryan Maris,127,128,1
Karl Benjamin,23,24,1
Bradford Louis,121,122,1
Ezekiel Stephen,24,25,1
Henry Lee,123,124,1
Stephen Robert,26,27,1
Joshua Patrick William,23,24,1
Jimmy Levale,27,28,1
Floyd Vernie,130,131,1
Sean James,24,25,1
Robert Oberton,30,31,1
Edwin George,129,130,1
Jose Ynocencio,23,24,1
Neftali O.,24,25,1
Charles Harry,134,135,1
Nathaniel Joseph,26,27,1
James Jeffrey,27,28,1
James Dean,24,25,1
Richard Lewis,30,31,1
Christopher Anthony,25,26,1
Michael Fredarick,25,26,1
Phillip Edwin,130,131,1
Gary Thomas,23,24,1
Donald Laverne,25,26,1
Christopher Don,28,29,1
Todd Andrew,27,28,1
Johnny Ray,26,27,1
Kim Michael,22,23,1
Manuel Modesto,22,23,1
Richard Allen,25,26,1
Frank Martin,122,123,1
John W.,22,23,1
Brian Wesley,29,30,1
Gordon Clay,26,27,1
Christopher Philip,28,29,1
Michael David,24,25,1
Marcus Andrew,23,24,1
Leopold Theodore,127,128,1
Paul David,23,24,1
Lester Elwood,125,126,1
Jonathan Rufino Jezus,22,23,1
Steven Wayne,31,32,1
Erik Paul,25,26,1
Pius Louis,122,123,1
Jeffrey William,29,30,1
Michael Scott,25,26,1
Douglas Randall,21,22,1
William August,19,20,1
Albert Herman,26,27,1
Clyde Daniel,27,28,1
John G.,27,28,1
Michael,128,129,1
Travis Jay,25,26,1
Karl Otto,123,124,1
Charles Otto,123,124,1
Steven Francis,26,27,1
Timothy James,27,28,1
John Thomas,127,128,1
Walter Charles,26,27,1
August,26,27,1
Paul Gregory,26,27,1
Joshua David,25,26,1
George Oscar,24,25,1
Benjamin Nathaniel,124,125,1
Timothy James,23,24,1
John Costen,22,23,1
Ernest Raeford,123,124,1
Thomas Charles,28,29,1
Enoch Erskine,129,130,1
Timothy Shawn,25,26,1
Stephen Michael,129,130,1
Steven Daniel,25,26,1
Frank Victor,120,121,1
Wesley Triplett,130,131,1
John Herbert,131,132,1
Kevin Ryan,24,25,1
Oscar Sylvester,124,125,1
Aaron Albert,20,21,1
Harry Graydon,126,127,1
Wallace Luther,123,124,1
Matthew David,27,28,1
David Orvis,123,124,1
Elisha Harrison,125,126,1
Steven Scott,27,28,1
Sylvester Adam,126,127,1
Patrick Clement,120,121,1
Melbern Ellis,131,132,1
Douglas Eugene,25,26,1
Eugene David,25,26,1
Frederick,123,124,1
Henry William,122,123,1
Wilburt,125,126,1
Edward T.,24,25,1
Sidney,32,33,1
Bobby Leon,32,33,1
Randy James,27,28,1
Donald Anthony,125,126,1
Ralph Austin,129,130,1
Carl Everett,125,126,1
Marino,26,27,1
Thomas James,25,26,1
Chance Steven,26,27,1
Danny E.,26,27,1
Freddy Carol,26,27,1
Warren Williams,126,127,1
Roy Garvin,125,126,1
Luis Arturo,24,25,1
Daniel Dariel,23,24,1
William Carl,26,27,1
Alexander,126,127,1
Jason Paul,23,24,1
Gary Lawrence,24,25,1
Hyun-jin,26,27,1
John Budd,127,128,1
Dusty Mitchell,24,25,1
Rusty Allen,26,27,1
Roger Howard,27,28,1
Benjamin Damon,23,24,1
Jorge Anthony,25,26,1
Celerino,28,29,1
Gustave E.,128,129,1
Hector Luis,25,26,1
William Anthony,26,27,1
Eli Ethelbert,23,24,1
Francisco Alberto,26,27,1
Simon,122,123,1
Wayne Scott,26,27,1
Alexander Rafael,25,26,1
Niuman Jose,24,25,1
Ramon,25,26,1
Michael Joseph,26,27,1
Ray,126,127,1
James F.,24,25,1
William Joseph,22,23,1
Brian Alan,24,25,1
Chaz Daniel,27,28,1
Zachary M.,25,26,1
Lawrence Lee,27,28,1
Michael Thomas,23,24,1
Michael Gregory,26,27,1
Michael Evan,27,28,1
Jorge Jesus,21,22,1
Wilkin Chal,24,25,1
John Herman,121,122,1
Joseph Vincent,127,128,1
Richard Lambert,27,28,1
Thomas William,30,31,1
Cameron Arthur,25,26,1
Harvey Holmes,127,128,1
James,127,128,1
James Clifton,28,29,1
James Leon,26,27,1
George,126,127,1
Steven Richard,29,30,1
Clarence Everett,129,130,1
Harvey Edward,24,25,1
Yasuhiko,35,36,1
Lawrence Alan,20,21,1
Moses J.,123,124,1
Christian Stephen,22,23,1
Michael David,26,27,1
Raymond Austin Aloysius,126,127,1
Shane Demond,27,28,1
Richard Ennis,23,24,1
Jason Kariya,24,25,1
Matthew Earl,29,30,1
Kip Lane,24,25,1
Frederick Llewellyn,19,20,1
Charles Asher,121,122,1
Daniel Courtenay,121,122,1
Ronald Allan,22,23,1
Brandon Carlin,25,26,1
Earl Hazwell,123,124,1
Robert Davis,28,29,1
Walter Beck,27,28,1
Kolten Kaha,23,24,1
Robert Alexander,22,23,1
Eugene Stewart,125,126,1
Andrew Emil,127,128,1
Jerome Charles,131,132,1
George John,126,127,1
Christopher Michael,24,25,1
Thomas C.,22,23,1
Richard Allen,26,27,1
Shad Clayton,25,26,1
William Alexander,27,28,1
Archibald Clifton,28,29,1
Edward Francis,127,128,1
John Samuel,124,125,1
Finis Elbert,126,127,1
Edward Joseph,27,28,1
Willis Brewer,124,125,1
Alec Peter,124,125,1
Darrin Alexander,31,32,1
Robert Paul,24,25,1
Lafayette Sharkey,121,122,1
Almon Edward,123,124,1
David Carter,121,122,1
Harry Peter,123,124,1
James Gladden,26,27,1
James Francis,23,24,1
James Alfred,22,23,1
Thaddeaus Inglehart,21,22,1
Robert Linwood,122,123,1
Adam Robert,24,25,1
James Webster,26,27,1
Marion Sylvester,23,24,1
Edward Albert,126,127,1
Julio Ernesto,25,26,1
Michael Accorsi,22,23,1
Frederick Joseph,24,25,1
George Carl,127,128,1
Eduardo Jose,27,28,1
Bryan Owen,24,25,1
Carl Columbus,122,123,1
John Edward,28,29,1
Joshua Alexander,26,27,1
George William,27,28,1
James Brian,28,29,1
Orville Forest,124,125,1
Robert McDaniel,24,25,1
Peter,25,26,1
Raymond George,22,23,1
Samuel Henry,124,125,1
Thad G.,28,29,1
Carl Allen,23,24,1
John Floyd,25,26,1
Ehren Josef,27,28,1
Vincent Logan,24,25,1
Arthur Stanhope,130,131,1
James Elden,19,20,1
Kyle Edward,25,26,1
John Garibaldi,21,22,1
Wilbur,124,125,1
Michael Denis,23,24,1
Robert D.,25,26,1
Harry Budson,124,125,1
Gary Lee,25,26,1
Donald Ray,25,26,1
Gregory DeWayne,27,28,1
Elwood Pierce,129,130,1
Sean Edward,23,24,1
John,19,20,1
Franklin Burton,127,128,1
Zachary Harrison,23,24,1
Leroy William,25,26,1
Walter Maxwell,124,125,1
Weldon Edison,129,130,1
William Charles,26,27,1
Barry Jarvis,25,26,1
Anton Frank,127,128,1
Larry David,25,26,1
John Peter,122,123,1
Joshua S.,26,27,1
Daniel Charles,25,26,1
Guerdon W.,25,26,1
Donald William,129,130,1
William H.,23,24,1
Alex Bruce,23,24,1
Charles,27,28,1
William Cowart,29,30,1
Steven Kyle,26,27,1
Hector Raul Guerrero,22,23,1
Edward Harrison,128,129,1
Robert Earl,127,128,1
William Miller,19,20,1
Antonio Joseph,136,137,1
Otto Henry,124,125,1
Michael Joseph,22,23,1
Galeard Lee,26,27,1
William George,126,127,1
Richard O.,125,126,1
Kevin Michael,30,31,1
Curtis Ray,24,25,1
Jeffrey Allan,25,26,1
Clyde Ellsworth,127,128,1
Sloan Vernon,128,129,1
Herbert Lee,23,24,1
LaRue,25,26,1
Christopher Myron,28,29,1
Fred Warren,28,29,1
Libeus,128,129,1
William Hackney,130,131,1
August Sothley,123,124,1
Joseph Francis,128,129,1
Taijuan Emmanuel,21,22,1
Steven Lee,25,26,1
Zachary Butler,24,25,1
Michael Charles,26,27,1
Joseph Francis,124,125,1
Daniel Gene,26,27,1
Jose,28,29,1
Harold Lewis,25,26,1
Louis John,129,130,1
John Leslie,26,27,1
Jefferson Woodrow,124,125,1
Willie Vern,123,124,1
Clarence Edward,124,125,1
John Anthony,128,129,1
Luis Enrique,23,24,1
Carlos Santiago,123,124,1
Arthur S.,27,28,1
Brian Craig,26,27,1
William Matthew,26,27,1
Michael,27,28,1
Wilton Andres,21,22,1
Frederick William,122,123,1
Guillermo,24,25,1
Frederick Thomas,126,127,1
Robert Mitchell,25,26,1
Yordano,22,23,1
Jonathan Rafael,22,23,1
George Steve,125,126,1
Jorge Luis,26,27,1
William Fay,126,127,1
Andrew William,20,21,1
Camille Oscar,28,29,1
Clayton Emory,127,128,1
Jermaine Russell,25,26,1
Tyler Lee,30,31,1
Gene Covington,23,24,1
Cory Wade,23,24,1
Scott Robert,24,25,1
Frank Edward,127,128,1
Louis Charles Frank,123,124,1
Kevin Deshawn,27,28,1
Michael Paul,26,27,1
David Forrest,130,131,1
Corey Lamar,24,25,1
Thaddious Asa,27,28,1
Jesse Ray,23,24,1
Thomas Henry,124,125,1
Oliver Dinwiddie,125,126,1
Harry Garvin,27,28,1
Carlton Overton,121,122,1
Richard LaMonte,23,24,1
Thadford Leon,124,125,1
Wilfredo Jose,22,23,1
Steven Alexander,23,24,1
Ira Dance,126,127,1
Leo Alphonse,129,130,1
James Edwin,25,26,1
Albert R.,125,126,1
Michael Harvey,24,25,1
Frank J.,26,27,1
Jonathan,128,129,1
Tilson Manuel,24,25,1
John Albert,26,27,1
James Edward,16,17,1
John Roy,121,122,1
John Drake,24,25,1
Eude Ezequiel,27,28,1
Jorge Manuel,29,30,1
Frank Leo,122,123,1
Lesli Guillermo,27,28,1
Herbert James,124,125,1
Joseph Timothy,25,26,1
William Donald,28,29,1
Samuel Wakefield,129,130,1
Edwin Randolph,26,27,1
Steven Elbert,26,27,1
Fred Herbert,122,123,1
Matthew Benjamin,25,26,1
Mark Anthony,25,26,1
Joseph E.,25,26,1
James Donaldson,124,125,1
Cesar Augusto,24,25,1
Alberto Antonio,24,25,1
Wayne Levell,27,28,1
Joseph Clifford,25,26,1
Charles Brayton,19,20,1
Joseph Frank,27,28,1
Keith Allen,24,25,1
Randall Parker,23,24,1
Henry S.,26,27,1
Dennis Allen,28,29,1
Richard Matthew,20,21,1
John,130,131,1
Edward Luke,127,128,1
Michael Anthony,27,28,1
Henry Joseph,125,126,1
Cory Wade,25,26,1
Dennis,125,126,1
John Joseph,125,126,1
Steven Michael,22,23,1
William Ross,124,125,1
William Byron,29,30,1
William Ignatius,121,122,1
Frank Aloysius,126,127,1
John C.,26,27,1
Joseph Aloysius,23,24,1
Jay Phillip,27,28,1
Arthur Frederick,125,126,1
Michael Joe,127,128,1
Sumner Sallade,23,24,1
Alvah Edson,121,122,1
Grant Tierney,124,125,1
Stephen Shaddon,24,25,1
William Zachary,23,24,1
Fred Langdon,128,129,1
Raymond C.,123,124,1
Harry,127,128,1
Jackie,23,24,1
Robert Jay,124,125,1
Terry Leon,26,27,1
Norman Downs,126,127,1
Otis Owen,129,130,1
Clifford,23,24,1
Ryan Zachary,26,27,1
Robert Jacob,23,24,1
Roy Parks,128,129,1
Ralph Wayne,24,25,1
Thomas Bruce,27,28,1
Edward Jones,129,130,1
Joseph Emley,21,22,1
Robert Anthony,125,126,1
Gregory Gene,22,23,1
Anthony Thomas,127,128,1
Ernest Luther,125,126,1
Everett Little,122,123,1
Victor Laurence,25,26,1
Ronald Hamilton,23,24,1
Gilbert Henry,20,21,1
Prosper Albert,126,127,1
Clarence Matthew,24,25,1
Clyde Stalcup,27,28,1
Clinton Willis,124,125,1
Michael John,25,26,1
Chester Robert,25,26,1
Gregory Brent,22,23,1
Otto Adam,123,124,1
Elmer Ward,128,129,1
Ronald Patrick,25,26,1
Mark Randall,20,21,1
Milton Francis,121,122,1
Leo Ignatius,123,124,1
Xander Jan,21,22,1
Joseph Howard,127,128,1
Curtis Henry,122,123,1
Chad Robert,24,25,1
Andres,24,25,1
Christian Gabriel,22,23,1
John George,131,132,1
Joseph Anthony,26,27,1
James Morton,125,126,1
Steven Ray,30,31,1
Lyle Randolph,127,128,1
Henry Monte,128,129,1
Charles Stephen,120,121,1
Frederick Marvin,126,127,1
James William,29,30,1
Edward Samuel,123,124,1
Norman Stanley,25,26,1
John Lawrence,129,130,1
Donald Louis,22,23,1
James Lee,25,26,1
Oswaldo Celestino,22,23,1
Nolan James,22,23,1
Fred,24,25,1
Hubert,125,126,1
Richard Lee,26,27,1
Kent McKay,26,27,1
Karl Adam,26,27,1
Andy Holm,126,127,1
Morris F.,23,24,1
David S.,21,22,1
Loren Rolland,24,25,1
Robert Cunningham,26,27,1
Lester John,121,122,1
Edson Garfield,127,128,1
Morris Hiram,127,128,1
Jose Antonio,24,25,1
Francis Montgomery,122,123,1
Richard Gilbert,129,130,1
David Ralph,24,25,1
Tony Dale,27,28,1
Robert Michael,26,27,1
Joseph John,29,30,1
Dennis Kay,25,26,1
Cody James,23,24,1
Ezequiel F.,26,27,1
Dale Leonard,125,126,1
Santo,24,25,1
Lucas Gale,24,25,1
Kim Bryant,27,28,1
Victor Aurelio,26,27,1
Cesar Octavio,24,25,1
Jose Ricardo,24,25,1
Oswaldo,25,26,1
Abraham,24,25,1
Zoilo,24,25,1
Jesse Howard,123,124,1
Harry,25,26,1
Karl Tutwiler,123,124,1
William Edward,24,25,1
Jim Charles,28,29,1
Nicholas James,22,23,1
Merle Theron,130,131,1
Grady Emmett,131,132,1
Ehire Enrique,24,25,1
Virgil Woodrow,131,132,1
Florian Frederick,26,27,1
Daniel Leslie,127,128,1
Robert Andrew,124,125,1
Leroy,123,124,1
Edward,22,23,1
Andrew Jackson,122,123,1
Phillip Burlette,124,125,1
Ramon Andrew,27,28,1
Gary Ray,24,25,1
Robert Charles,22,23,1
Charles Schlagel,121,122,1
Chad Lee,26,27,1
James Joseph,122,123,1
Joseph Edward,128,129,1
Henry Ward,125,126,1
Robert Joseph,24,25,1
Allen Zelmo,27,28,1
Fernando Jerome Lee,126,127,1
Todd Stephen,25,26,1
Terence William,24,25,1
Michael Allen,22,23,1
Erik Hans,27,28,1
Francis Allen,123,124,1
Joel Todd,28,29,1
Justin Titus,132,133,1
Joseph August,127,128,1
Chad Robert,24,25,1
August Samuel,127,128,1
Edward Anthony,22,23,1
Charles Edward,127,128,1
Jeffrey Carver,25,26,1
Luther Owens,25,26,1
Richard Monroe,23,24,1
Scott Michael,25,26,1
John Delbert,24,25,1
Edmund J.,125,126,1
Everett Duane,123,124,1
Frank Samuel,129,130,1
Manuel Antonio,23,24,1
Anthony Dirk,30,31,1
Hyder Edward,122,123,1
Kevin Thomas,28,29,1
Brian Deon,26,27,1
Clifford Paul,25,26,1
Vincent David,123,124,1
Creed Napoleon,22,23,1
William Derrick,26,27,1
Steven John,25,26,1
Robert Allen,22,23,1
Jack Edward,26,27,1
Reginald Conrad,24,25,1
Robert Harvey,27,28,1
Howard Edward,124,125,1
John Lawrence,24,25,1
Steven Lee,22,23,1
Thomas Edward,26,27,1
James Chandler,123,124,1
Wesley Owen,22,23,1
William John,21,22,1
James M.,23,24,1
Dennis Patrick,26,27,1
Joseph Buren,27,28,1
Ronald Forrest,24,25,1
Robert N.,23,24,1
Andrew Godfrey,26,27,1
Arnold Lee,126,127,1
Otis Leonard,123,124,1
Steven Jerome,25,26,1
Thomas Michael,22,23,1
Walter Lloyd,122,123,1
James Leslie,23,24,1
Esmailin Manuel,26,27,1
Gary Andrew,25,26,1
Ralph Earl,123,124,1
Frank Dominic,27,28,1
Roy Edward,125,126,1
Christopher John,26,27,1
Joel Fernando,24,25,1
Ralph Grant,120,121,1
Frederick John,123,124,1
David Joseph,122,123,1
Frank Burnett,123,124,1
Joseph Thomas,123,124,1
Ronald Isiah,27,28,1
Arquimedes Euclides,26,27,1
Mark,27,28,1
David Alan,26,27,1
Clarence,125,126,1
James Robert,25,26,1
Wirt Virgin,124,125,1
John Cascaes,25,26,1
John C.,20,21,1
George Angelo,27,28,1
Russell Michael,25,26,1
Thomas Aloysius,121,122,1
Jose Luis,24,25,1
Edward Joseph,125,126,1
Nicholas John,26,27,1
Walter Neils,127,128,1
Gary Richard,26,27,1
Jin Ho,23,24,1
Robert Joseph,25,26,1
Michael Blair,24,25,1
Stephen Vincent,23,24,1
Kevin Allen,25,26,1
Osvaldo,26,27,1
Charles Lorenzo,129,130,1
Rocky Ty,28,29,1
Paul,127,128,1
Scott Christopher,24,25,1
Peter Pierre,130,131,1
Craig Phillip,22,23,1
Charles Joseph,24,25,1
Darrin John,25,26,1
Esty Clyon,122,123,1
Calvin Louis,125,126,1
Rex Ralston,128,129,1
Jose Marti,23,24,1
Juan C.,24,25,1
Wilkin,24,25,1
Joseph Philip,121,122,1
Harry Delbert,124,125,1
Alejandro Luis,26,27,1
Nicholas A.,21,22,1
Braulio Robinson Medrano,23,24,1
Thomas Henry,124,125,1
John Keefe,25,26,1
Kory Christopher,26,27,1
Bernabel,26,27,1
Fabio Enrique,21,22,1
Arthur Franklin,25,26,1
Robert William,123,124,1
Christopher Alan,28,29,1
Preston Michael,25,26,1
Douglas Dwyer,29,30,1
James Francis,124,125,1
Henry Tefft,22,23,1
Michael John,30,31,1
Philip James,26,27,1
Rufus Rivers,123,124,1
Owen F.,22,23,1
William Stuart,123,124,1
Paul Arthur,25,26,1
Wallace Oakes,127,128,1
Edward William,129,130,1
Gerrit Alan,23,24,1
Craig Charles,27,28,1
Michael Malloy,23,24,1
Pierce Devon,21,22,1
Christopher Adrian,30,31,1
Tyler James,25,26,1
Charles Augustine,27,28,1
Willis Russell,127,128,1
James Dalton,26,27,1
Clinton Astor,127,128,1
Geoffrey Wade,24,25,1
Alexander Manuel,25,26,1
Cyril Wilson,124,125,1
Robert Thomas,31,32,1
William Wilkes,124,125,1
Jeffrey Lindon,25,26,1
Robert Joe,27,28,1
Elmer Joseph,130,131,1
William Edward,22,23,1
Richard Raphael,122,123,1
Timothy Roger,23,24,1
Henry Joseph,30,31,1
Jarred Lynn,23,24,1
Joseph Marvin,126,127,1
Daniel Adam,23,24,1
Brad Byron,25,26,1
Terry Stanton,25,26,1
Henry Peter,123,124,1
Trace Robert,25,26,1
Guy Evans,121,122,1
Orge Patterson,129,130,1
Patrick A.,23,24,1
William Ambrose,126,127,1
Robert Daniel,124,125,1
David Fletcher,24,25,1
William K.,20,21,1
Michael Robert,29,30,1
Ronald Wayne,23,24,1
Thomas Martin,123,124,1
Mervin James,123,124,1
Broadus Milburn,129,130,1
John Bertrand,135,136,1
Michael Lynn,24,25,1
Scotty Ray,25,26,1
John Henry Albert,26,27,1
Khristopher Adrian,26,27,1
Robert Brandon,25,26,1
Claude Boucher,122,123,1
Michael Gerard,25,26,1
Francis Joseph Nicholas,128,129,1
Rolla Harrison,126,127,1
James Thomas,24,25,1
Travis E.,24,25,1
Eury,23,24,1
Robert James,26,27,1
Jorge Luis,26,27,1
Miguel,27,28,1
Fautino,25,26,1
Christopher Neil,25,26,1
Stephen,24,25,1
Donald John,22,23,1
Matthew G.,26,27,1
Benyew Harrison,121,122,1
Edward Arthur,126,127,1
Edward,126,127,1
William Alexander,125,126,1
Ivan,24,25,1
Arturo Marcelino,25,26,1
Michael Arthur,18,19,1
Joseph Gaddy,124,125,1
David Albert,22,23,1
Jaff Kyle,23,24,1
William J.,22,23,1
Lorenzo Burroughs,25,26,1
John Peter,23,24,1
Clarence Franklin,124,125,1
Bernard Aloysius,129,130,1
Steven Brent,25,26,1
Brandon Tyler,25,26,1
Raymond Lee,126,127,1
John James,126,127,1
Lawrence Long,25,26,1
Judson Lawrence,127,128,1
Brian Scott,31,32,1
Joseph Shelby,125,126,1
Claude Arthur,120,121,1
David Thomas,29,30,1
Frederick Joseph,125,126,1
Thomas Aloysius,125,126,1
Kenneth Stewart,28,29,1
Edward,120,121,1
Christopher John,27,28,1
Walker James,131,132,1
Jerry Stephen,28,29,1
Forrest A.,125,126,1
Glenn Martin,132,133,1
Paxton Keith,23,24,1
Douglass,25,26,1
George Lewis,21,22,1
Michael Christopher,25,26,1
Clarence Newton,128,129,1
William Theodore,22,23,1
Minot Joy,123,124,1
Richard Luther,125,126,1
Charles Preston,123,124,1
Rhiner Allen,26,27,1
Howard J.,23,24,1
Zebulon Vance,124,125,1
Eric Ryan,26,27,1
Kenneth Edward,28,29,1
Benny Joe,26,27,1
Donald Eugene,24,25,1
George Henry,125,126,1
Ronald Ray,24,25,1
Joseph Edward,123,124,1
Steven Robert,24,25,1
Todd Kent,26,27,1
Edward Joseph,24,25,1
Jeffrey Matthew,25,26,1
Jake Austin,25,26,1
William James,120,121,1
Roberto Alejandro,24,25,1
Donald Gary,23,24,1
Richard Knott,125,126,1
Jayson Paul,28,29,1
Elmer Cable,123,124,1
James Francis,129,130,1
Courtney Demond,27,28,1
Taylor McDowell,24,25,1
Daniel Phillip,121,122,1
Daniel Lynn,24,25,1
Frank John,128,129,1
Steven William,24,25,1
Carl A.,125,126,1
Brian Andrew,24,25,1
Jason Bradford,25,26,1
Edwin,23,24,1
Pedro,132,133,1
McKenzie Corey,24,25,1
Jonathan,28,29,1
Robinzon,25,26,1
George Krause,124,125,1
Derek Richard,24,25,1
Brandon Lee,27,28,1
Clarence Joseph,126,127,1
Gordon Lee,24,25,1
Jack Edward,26,27,1
Cole William,27,28,1
George Francis,124,125,1
John Franklin,24,25,1
Cesar Salvatore,26,27,1
Donald Ray,23,24,1
Otto George,130,131,1
Charles James,17,18,1
Matthew Thomas,27,28,1
Steven Ross,24,25,1
Vance George,130,131,1
Ronald Michael,27,28,1
Stephen Edward,20,21,1
John Lewis,123,124,1
Samuel Edward,122,123,1
Walter Rudolph,122,123,1
John Michael,23,24,1
Jose Alfredo,23,24,1
Freddy,25,26,1
Andrew John,29,30,1
John Stephen Michael,123,124,1
Franklin Marion,24,25,1
Edward,132,133,1
James Thomas,23,24,1
Thomas James,27,28,1
Lino,33,34,1
Willard Earl,126,127,1
Michael Vincent,122,123,1
Randolph Rutherford,127,128,1
Jeremy Scott,26,27,1
Gorman John,28,29,1
Thomas Fitzgerald,120,121,1
Myron Claude,128,129,1
Jeffrey Vernon,24,25,1
Deunte Raymon,27,28,1
Minor Wilson,128,129,1
Donald Elliott,29,30,1
Christian Ernst,121,122,1
William Frederick,126,127,1
Richard Heath,24,25,1
William Wade,130,131,1
Donald William,132,133,1
John Charles,127,128,1
Emery J.,27,28,1
Ernest Herman,127,128,1
Eric Paul,26,27,1
Jose Ramon,23,24,1
Ramon,128,129,1
Alexander Jose,23,24,1
Rudolph Albert,29,30,1
Drew Daniel,22,23,1
Albert Bartel,124,125,1
Arthur,25,26,1
Frederick Marshall,127,128,1
Earl Clifford,127,128,1
Gregorio Evelio,25,26,1
Carlos Eduardo,24,25,1
Cesar Dario,26,27,1
Cesar Augusto,23,24,1
Salvador Jose,126,127,1
Alexander,23,24,1
Michael David,26,27,1
George Addison,23,24,1
Herman Alexander,24,25,1
Charles T.,19,20,1
John Herby,127,128,1
Trey Alan,24,25,1
George Edward,126,127,1
Jesse Owens,26,27,1
Aaron Michael,24,25,1
Thomas Edward,121,122,1
Charles Edwin,121,122,1
Hugh Ellis,124,125,1
Jeremy Dee,25,26,1
Harvey Max,127,128,1
William Paul,124,125,1
John Edward,21,22,1
John William,22,23,1
Jarrett Lee,26,27,1
Martin F.,25,26,1
William Henry,127,128,1
Christopher Wayne,27,28,1
William Edward,122,123,1
Martin Weldon,21,22,1
Kevin James,29,30,1
Charles E.,23,24,1
Carl Theodore,125,126,1
Frederick Clarence,125,126,1
David A.,22,23,1
Gary Richard,24,25,1
William Riley,133,134,1
Phillip Andrew,26,27,1
Kei,28,29,1
Riccardo Benay,28,29,1
Timothy Neal Christopher,28,29,1
Hernan Alcides,24,25,1
Philip Robert,28,29,1
Victor Felix,23,24,1
Jeffrey Lynn,27,28,1
Ryan Christopher,24,25,1
Samuel,22,23,1
Steven Nash,27,28,1
Lamar Gary,23,24,1
Raymond Arnold,23,24,1
Martin Thomas,23,24,1
Virgil Milton,25,26,1
Erik Anthony,28,29,1
Erik Craig,24,25,1
William Charles,23,24,1
William Lawrence,124,125,1
Augustus Francis,127,128,1
Benjamin Franklin,28,29,1
Ebenezer Tremayne,25,26,1
Miguel Anthony,24,25,1
Luis Domingo,25,26,1
Kelvin Rogelio,27,28,1
Lee Vincent,123,124,1
Lester Curtis,128,129,1
Jonathan Lloyd,25,26,1
Walter John,25,26,1
Donald,23,24,1
Meredith Hilliard,127,128,1
Joseph Paul,27,28,1
Charles Cloyd,141,142,1
Dwayne Samuel,28,29,1
Steven Bernard,23,24,1
David Taylor,28,29,1
Thomas Lee,30,31,1
Eugene Earl,23,24,1
Edward Charles,127,128,1
Patrick Lory,27,28,1
Patrick J.,119,120,1
Oliver Joel,126,127,1
George Henry,122,123,1
James Randall,25,26,1
Richard Allen,26,27,1
Timothy Craig,25,26,1
Timothy Robert,25,26,1
John Henry,22,23,1
Robert E.,27,28,1
Hal Campbell,25,26,1
John Clifford,130,131,1
Michael Charles,25,26,1
Kristofer Michael,29,30,1
Anthony Clair,25,26,1
Stanley Lucius,23,24,1
Steven David,25,26,1
Paul Oscar,124,125,1
John Paul,127,128,1
Gareth Howell,25,26,1
Decatur Poindexter,124,125,1
Harold Marion,25,26,1
David Hunter,25,26,1
Uriah Louis,24,25,1
Coburn Dyas,121,122,1
Charles Leander,22,23,1
Calvin Douglas,28,29,1
Christopher Dale,28,29,1
Clarence Woodrow,26,27,1
Stanley Edward,28,29,1
Levin T.,26,27,1
William Dennis,124,125,1
Clarence Veasey,123,124,1
Taylor J.,24,25,1
Don Atley,26,27,1
Michael Lewis,21,22,1
Niles Chapman,26,27,1
Adolf Otto,123,124,1
Harry James,21,22,1
Nathan Alan,26,27,1
Alphonse Francis,124,125,1
George,121,122,1
Robert Lynn,28,29,1
Joseph Erwin,128,129,1
George Benedict,123,124,1
Eric DeBari,25,26,1
Frank Jacob,125,126,1
Matthew Roy,26,27,1
Robert Francis,120,121,1
Samuel Jackson,32,33,1
Brad Thomas,26,27,1
Roger Keith,26,27,1
George Boyd,25,26,1
John Jonas,132,133,1
Michael Joseph,25,26,1
Brian Lee,29,30,1
Kevin James,23,24,1
Dana Ervin,29,30,1
Theodore A.,20,21,1
Maurice Allen,127,128,1
Howard Richard,126,127,1
Kenshin,34,35,1
Frank Joseph,123,124,1
Burton Elwood,129,130,1
James William,121,122,1
Robert William,135,136,1
Jeffrey Bruce,23,24,1
Francis Eugene,126,127,1
Maurice Michael,121,122,1
Alfred Henry,122,123,1
Rickey,23,24,1
Van Howard,23,24,1
David Wayne,24,25,1
Walter Joseph,23,24,1
Herbert Barrett,122,123,1
Bryan Keith,27,28,1
Masahide,34,35,1
Joseph James,124,125,1
Ryan Lyle,23,24,1
Bernard James,128,129,1
Jeffrey Gilbert,25,26,1
Alan Goodman,25,26,1
Henry Antone,121,122,1
Wilfred Edgar,129,130,1
Robert Francis,27,28,1
Charles Samuel,126,127,1
Frederick Albert Antony,23,24,1
John Clarence,128,129,1
Harold John,121,122,1
John Henry,25,26,1
David Benjamin,23,24,1
Zachary B.,26,27,1
Ian A.,22,23,1
Lewis Bernard,119,120,1
Marc S.,26,27,1
Paul Bernard,129,130,1
James Louis,24,25,1
Charles L.,21,22,1
Albert Joseph,121,122,1
George Eugene,20,21,1
Joseph Steven,25,26,1
Clement John,27,28,1
Joseph Wayne,25,26,1
Michael Aloysius,120,121,1
Brandon Charles,27,28,1
Frederick Raymond,127,128,1
Harold Everette,27,28,1
Shane Kenji,26,27,1
Robert Joseph,27,28,1
Frank Bernard,22,23,1
Juan Osvaldo,24,25,1
Kerry Ardeen,24,25,1
Jeffrey Scot,24,25,1
Joseph Peter,126,127,1
Larry Robert,21,22,1
Christopher Keith,24,25,1
Henry Joseph,22,23,1
Junior Osvaldo,23,24,1
Blake Thomas,29,30,1
Lyman Raymond,125,126,1
Andrew Francis,25,26,1
Noble Wayne,130,131,1
Christopher Raymond,25,26,1
Clayton Patrick,129,130,1
Eugene Marion,120,121,1
Brett William,26,27,1
Robert Baker,126,127,1
John Daniel,25,26,1
Charles Bernard,123,124,1
Charles Ten Eyck,122,123,1
William George,122,123,1
William Bernard,125,126,1
Otis Carroll,123,124,1
William Carol,25,26,1
Robert David,23,24,1
Juan Manuel,25,26,1
Raoul Robert,125,126,1
Joseph Dale,21,22,1
Peter Nelson,131,132,1
Andrew,120,121,1
Graham H.,27,28,1
John Henry,128,129,1
Martin James,124,125,1
Frank Elmer,125,126,1
John M.,26,27,1
Brian Allen,30,31,1
Purnal William,25,26,1
Ryan Matthew,25,26,1
Roy Kramer,122,123,1
Daniel David,26,27,1
Edgar Victor,30,31,1
German Jose,26,27,1
Ernest Grover,126,127,1
John Patrick,124,125,1
Caleb Charles,25,26,1
Joe Dennis,20,21,1
Lawrence William,123,124,1
George Lewis,121,122,1
Derrick Lamont,23,24,1
Kyle Benjamin,26,27,1
Stephan Benson,23,24,1
George Edward,122,123,1
George Herbert,124,125,1
Gonzalez German,26,27,1
John Glenn,121,122,1
Samuel,24,25,1
Edward Adelbert,126,127,1
Paul Edwin,124,125,1
Jeremy Richard,25,26,1
James Linton,125,126,1
Arthur Joseph,24,25,1
Taylor William Andrew,25,26,1
Patrick Joseph,127,128,1
Julius Foust,129,130,1
Nelson George,125,126,1
Grant Thomas,26,27,1
Donald,122,123,1
Sonny Douglas,24,25,1
Lorenzo,24,25,1
Robert Chandler,26,27,1
Milton Edward,27,28,1
Albert Frank,123,124,1
Alfons Francis,128,129,1
Nicholas Edward,128,129,1
Alex Joseph,27,28,1
Wayne Leon,27,28,1
Roy Vincent,127,128,1
Arthur William,125,126,1
William Albert,29,30,1
Claire Vernon,123,124,1
Michael J.,21,22,1
James Benjamin,30,31,1
John Star,123,124,1
Philip David,25,26,1
Howard Wayne,28,29,1
Richard John,24,25,1
Howard Paul,124,125,1
Raymond Cornelius,129,130,1
Charles Perry,26,27,1
Michael William,24,25,1
David E.,26,27,1
David Vincent,28,29,1
Kevin Eugene,23,24,1
Robert Prill,126,127,1
Arthur Charles,20,21,1
Edward S.,123,124,1
Gregory Anthony,23,24,1
James Sanford,129,130,1
Leland David,28,29,1
Raymond Bernard,122,123,1
Timothy William,29,30,1
Mark Alan,26,27,1
Billy R.,23,24,1
Thomas Bail,27,28,1
Peter Whitfield,23,24,1
Benjamin Franklin,25,26,1
Preston Blake,26,27,1
Sigmund Stanley,124,125,1
Kenneth Allan,27,28,1
Robert Edward,24,25,1
James Joseph,125,126,1
Walter Henry,27,28,1
Geraldo Moreno,28,29,1
Dionini Ramon,20,21,1
Irvin Joel Vigo,22,23,1
Jedd Lindon,25,26,1
Richard Renald,125,126,1
Glenn James,28,29,1
Domingo Serrano,24,25,1
Ben Joseph,25,26,1
William Ernest,23,24,1
John Harold,26,27,1
Nathan Raymond Quinn,28,29,1
Dirk Von,27,28,1
Charles Eugene,122,123,1
Hillary Houston,23,24,1
Matthew Edward,23,24,1
Robert Lyndon,123,124,1
Donald Irvin,118,119,1
Herbert Howard,129,130,1
J C,28,29,1
Bodhi J.,27,28,1
Donald Thomas,127,128,1
David Alexander,126,127,1
Harry,130,131,1
Eugene Louis,132,133,1
Charles Joseph,132,133,1
James William,25,26,1
Robert Lee,25,26,1
Ben Franklin,125,126,1
Walter Francis,22,23,1
Jeffrey Austin,31,32,1
Joseph C.,26,27,1
Frederick Harvey,123,124,1
Clarence Henry,121,122,1
August Harris,126,127,1
Harry Devereaux,25,26,1
Pembroke,120,121,1
Robert Edward,128,129,1
Samuel Jay,27,28,1
Lewis Miller,128,129,1
John,28,29,1
Matthew William,126,127,1
Jose D.,21,22,1
Robert Richard,26,27,1
Alfred Joseph,126,127,1
Robert Eugene,24,25,1
Danny Wayne,24,25,1
Joshua David,28,29,1
Robert Joseph,24,25,1
Robert Jacob,24,25,1
Harry Michael,23,24,1
Eric Michael-Jay,25,26,1
John Edward,122,123,1
Edward Isidore,121,122,1
Alfred,27,28,1
Clarence Herman,129,130,1
Joseph Michael,29,30,1
Ralph Lief,127,128,1
Frank John,27,28,1
Robert Joseph,23,24,1
Richard Henry,22,23,1
William Earl,126,127,1
Clarence Hampton,128,129,1
Charles Franklin,120,121,1
James Lee,122,123,1
Albert LaVerne,129,130,1
Anthony Joseph,126,127,1
William A.,22,23,1
Steven Bradley,26,27,1
Brian Christopher,25,26,1
David Matthew,27,28,1
Allen Clifford,126,127,1
Peter,125,126,1
Edward Henry,19,20,1
Claude Judson,128,129,1
Donald Glenn,26,27,1
William Peter,126,127,1
Chester Arthur,122,123,1
Mario,26,27,1
William Orange,123,124,1
John Davis,20,21,1
Gerald Eugene,24,25,1
Larry Curtis,25,26,1
William,22,23,1
Brian A.,23,24,1
Wilmer Alejandro,22,23,1
Darren Scott,25,26,1
Thomas James,23,24,1
Wilmer,22,23,1
John A.,22,23,1
Leo Alexander,126,127,1
Mark Price,29,30,1
Frank Ellsworth,129,130,1
Jimmy Lee,21,22,1
Charles Calvin,126,127,1
Nathan Samuel,27,28,1
Alexander Vernon,125,126,1
Murray Asher,127,128,1
Nicholas Edward,22,23,1
Charles,23,24,1
Patrick Henry,32,33,1
Peter Martin,26,27,1
Lucas Stephen,24,25,1
Michael Jay,25,26,1
Kyuji,33,34,1
John Thomas,23,24,1
Daniel Joseph,23,24,1
Guillermo Antonio,26,27,1
Nathaniel Michael,128,129,1
Joseph Steven,124,125,1
Foster Pirie,126,127,1
John Robert,24,25,1
Joseph Emmett,125,126,1
John Edward,131,132,1
Armando Leisdeker,26,27,1
Lester Leroy,31,32,1
Michael R.,31,32,1
Luis Amado,26,27,1
Leonardo Antonio,25,26,1
Leury,22,23,1
Reynaldo,28,29,1
Rosman Jose,24,25,1
Harry Ray,124,125,1
Raymond Vincent,128,129,1
William Milton,22,23,1
Gregory,23,24,1
Ryan Joseph,23,24,1
Henry,126,127,1
Joshua Brent,25,26,1
James Lee,23,24,1
Welcome Thornburg,24,25,1
Thomas Everett,23,24,1
Edward,19,20,1
Joseph Daniel,24,25,1
Michael Grant,25,26,1
James Evan,27,28,1
Dennis John,126,127,1
Eugene Francis Joseph,125,126,1
Sidney Allen,124,125,1
Kevin John,22,23,1
James Jennings,23,24,1
Michael John,20,20,0
George Joseph,128,128,0
Peter,124,124,0
Lloyd William,124,124,0
John David,26,26,0
John Walter,24,24,0
David K.,27,27,0
Elmer John,122,122,0
Paul Arthur,125,125,0
Vernon William,23,23,0
Emil August,20,20,0
George Michael,28,28,0
Samuel Christopher,127,127,0
Christopher Sean,25,25,0
Alex Thomas M.,17,17,0
Harvey William,28,28,0
Clarence Raymond,124,124,0
Virgil Cecil,130,130,0
Clifford William,122,122,0
James Thomas,24,24,0
Francis Joseph,123,123,0
Stevenson Nathaniel,25,25,0
Webster Leotis,31,31,0
Arthur Edward,129,129,0
Daniel,27,27,0
Louis Lyman,126,126,0
Robert Cole,27,27,0
William,22,22,0
Miles Glenn,129,129,0
Christopher John,22,22,0
Arthur Cecil,124,124,0
Alexander,23,23,0
Yimi,24,24,0
Alfred Stephen,127,127,0
Ramon,124,124,0
Onelki,24,24,0
Luis Rafael,24,24,0
Luis Carlos,27,27,0
Leonard Hilbourne,124,124,0
William Louis,28,28,0
Thomas James,24,24,0
Washington Fayette,35,35,0
William David,24,24,0
John Edward,24,24,0
Charles F.,124,124,0
Henry W.,29,29,0
Edward Aston White,17,17,0
Charles Frederick,22,22,0
Johnathan Keith,27,27,0
John Wilson,124,124,0
Edward Carl,26,26,0
John H.,45,45,0
Ralph Michael,19,19,0
Frederick Jacob,123,123,0
Stephen Robert,29,29,0
Daniel Michael,27,27,0
Willard Roland,124,124,0
Matthew Joseph,-44,-44,0
Charles William,129,129,0
William Howard,22,22,0
Douglas Eugene,22,22,0
Edward Michael,122,122,0
Lawrence Kirby,126,126,0
John Laurence,121,121,0
John Carroll,123,123,0
Stanley Joseph,123,123,0
Balvino,22,22,0
James Cato,125,125,0
Robert Brinkley,123,123,0
William Patrick,128,128,0
James Edward,22,22,0
Michael Joseph,21,21,0
James Joseph,123,123,0
Robert J.,21,21,0
John Ashley,125,125,0
Gustavo,30,30,0
Eddy Jorge,29,29,0
Keith John,25,25,0
Victor J.,25,25,0
Robert Mitchell,28,28,0
Amaury Miguel,24,24,0
Anderson,26,26,0
Alexander,30,30,0
Frank Yeury,24,24,0
Harvey Anderson,23,23,0
Greg Joseph,25,25,0
Jose Luis,21,21,0
David,-20,-20,0
Vinicio Otilio,30,30,0
Christian J.,27,27,0
Daniel Raphael,27,27,0
James Lavoisier,121,121,0
Kazuo,32,32,0
Reymond Louis,22,22,0
Alfred George,126,126,0
Emil Edwin,22,22,0
Miguel,23,23,0
Laurence Joseph,26,26,0
William John,25,25,0
Charles Cornelius,125,125,0
Emiliano Ricardo,22,22,0
Charlie Andrew,127,127,0
Jerry Ray,22,22,0
Johnson,122,122,0
Albert George,124,124,0
Robert Lawrence,124,124,0
Frank Alexander,124,124,0
James Gottfried,-31,-31,0
Ford Christopher,6,6,0
Grier William,126,126,0
Carlos David,25,25,0
Frederick Ferdinand,123,123,0
Arthur Edwin,123,123,0
Robert George,126,126,0
Lawrence Joseph,21,21,0
John Frederick,25,25,0
Maikel Antonio,22,22,0
Osman Beverly,32,32,0
Jack Wilford,125,125,0
John William,18,18,0
Micah Ishanti,25,25,0
Stephen Michael,24,24,0
George K.,39,39,0
Harvey Bayard,124,124,0
Scott Eric,26,26,0
Edwin Charles,123,123,0
Jeffrey Michael,28,28,0
Alejandro,31,31,0
Carl Alexander,125,125,0
Vern Donald,118,118,0
John Edward,126,126,0
Julius Benjamin,20,20,0
Justin Michael,27,27,0
LaVel Maurice,26,26,0
John J.,28,28,0
Raymond Kirwin,122,122,0
Michael G.,23,23,0
Joseph Daniel,21,21,0
Matthew Lee,22,22,0
Edgar Lee,22,22,0
Eugene Wyman,124,124,0
William Brown,121,121,0
Leslie Roe,127,127,0
Paul Robert,126,126,0
Donald Emery,28,28,0
John Lester,121,121,0
Edward J.,23,23,0
George Albert,25,25,0
Joseph Nicholas,23,23,0
John J.,21,21,0
Horace S.,39,39,0
Michael J.,19,19,0
Stuart McGuire,125,125,0
Gene Arlan,27,27,0
George Dueward,124,124,0
John Kristian,27,27,0
Larry Lynn,26,26,0
William Hendrick,-4,-4,0
Edward Lee,123,123,0
Percival Edmund Wentworth,27,27,0
Eric Anthony,26,26,0
Scott Christian,29,29,0
Edward James,128,128,0
Robert G.,28,28,0
Andrew Bishop,21,21,0
Julius Henry,29,29,0
Frank Hayes,124,124,0
Jesse Peter,126,126,0
Charles Francis,121,121,0
Jacob,123,123,0
Matthew Jacob,28,28,0
John T.,128,128,0
Trevor Hale,26,26,0
William Franklin,128,128,0
Steven Michael,24,24,0
Luis Martin Lora,27,27,0
Calvin Wayne,26,26,0
Herrick Smith,128,128,0
Charles Henry,21,21,0
Robert George,132,132,0
Anton,125,125,0
Charles Massey,122,122,0
Terry Gene,24,24,0
George Albert,22,22,0
Jackson Percy,122,122,0
Russell Elwood,129,129,0
Richard Douglas,24,24,0
Jesse Logan,26,26,0
Eugene Burninghaus,122,122,0
George Russell,123,123,0
Bradley Mark,25,25,0
Charles Akin,122,122,0
Narciso Chicho,23,23,0
Isaac Harry,24,24,0
Verdo Wilson,125,125,0
Steven Clark,28,28,0
Frederick,22,22,0
Darrell Lee,28,28,0
Jacob Henry,122,122,0
Bruce Edward,26,26,0
Carter Ward,128,128,0
Harold Bruce,25,25,0
George Rezin,128,128,0
Henry Knox,123,123,0
Roenis,26,26,0
Earl Edward,124,124,0
Paul Michael,26,26,0
Samuel Sherwood,124,124,0
Jonathan B.,26,26,0
Harry Archibald,126,126,0
Ralph Strunk,133,133,0
Sherman Stanley,125,125,0
John Joseph,23,23,0
Elmer Albert,125,125,0
James Lamar,127,127,0
George T.,20,20,0
Francis Raymond,122,122,0
Howard Simpson,120,120,0
Clarence Willie,124,124,0
Gerald Warren,27,27,0
George Lincoln,118,118,0
Arthur Lee,125,125,0
Luis,25,25,0
Reuben,122,122,0
George W.,21,21,0
Joseph Francis,122,122,0
Edward Leon,22,22,0
Thomas James,26,26,0
William Arthur,121,121,0
William George,16,16,0
Mark Edward,27,27,0
Uel Melvin,119,119,0
Frank Anthony,26,26,0
Fernandes Bowen,125,125,0
Bart Steven,28,28,0
Frank John,23,23,0
Mark Gerald,23,23,0
Oscar,125,125,0
Francisco,23,23,0
George John,27,27,0
Edwin Jose,22,22,0
Jose Elias,31,31,0
Angel Ruben,23,23,0
Michael Anthony,24,24,0
Eugene MacAlalag,26,26,0
Calvin Coolidge,124,124,0
Matt,29,29,0
Ernesto,33,33,0
James Godrich,124,124,0
Lawrence Edward,122,122,0
Saturnino,25,25,0
Joseph Gregory,23,23,0
Donald Lee,27,27,0
Henry Nels,128,128,0
Harold James,34,34,0
Aubrey Lee,123,123,0
Luvern Carl,28,28,0
Robert Shaw,136,136,0
Charles Victor,131,131,0
Joseph Roamon,129,129,0
Clayton King,27,27,0
Marvin Wilfred,127,127,0
John,22,22,0
William Paul,122,122,0
Jesus,31,31,0
John,18,18,0
James Alfred,26,26,0
Frederick Peter,28,28,0
Darcy Rae,21,21,0
John Edward,26,26,0
Stanley Robert,21,21,0
Harry Clayton,124,124,0
Alexander Johnson,131,131,0
William Charles,24,24,0
George Runie,23,23,0
Michael Anthony,28,28,0
Jeffrey Ellis,27,27,0
Howard Earl,24,24,0
Charles Augustus,124,124,0
Anton C.,24,24,0
Peter James,123,123,0
Clarence Thomas,119,119,0
William McKinnon,122,122,0
Anthony Ross,23,23,0
Wallace Clifton,40,40,0
Neil Stephen,25,25,0
Charles Joseph,27,27,0
John Ralph,123,123,0
Jack Leland,22,22,0
Horace Alfred,124,124,0
Robert Lester,125,125,0
Charles Augustus,126,126,0
Ramon Antonio,23,23,0
Lorenzo Marto,29,29,0
Anthony Michael,25,25,0
William Joseph,128,128,0
John H.,21,21,0
John Francis,25,25,0
Charles Caspar,124,124,0
Brian Michael,28,28,0
Thomas Chalmers,124,124,0
Thomas Gene,25,25,0
Wilbur McCullough,122,122,0
John Gustave,123,123,0
Maximilian Patrick,126,126,0
Shaun Earle,24,24,0
Michael Patrick,24,24,0
Raymond Francis,127,127,0
Robert Paul,124,124,0
Walter Leonard,124,124,0
Thomas William,129,129,0
Martin John,28,28,0
Patrick Henry,28,28,0
Don Raphael,125,125,0
Hildreth Milton,119,119,0
Moritz Herman,123,123,0
Thomas Wayne,20,20,0
Alfred Vanoide,31,31,0
Oliver Frank,123,123,0
George Horace Elliot,27,27,0
Albert Dell,125,125,0
Charles Joseph,122,122,0
James Paul,124,124,0
Yohan Carlos,28,28,0
Raymond Arthur,123,123,0
John Michael,20,20,0
Raymond Harold,126,126,0
John William,125,125,0
John Thomas,22,22,0
Angel Felix,134,134,0
Frank Y.,21,21,0
Bienvenido,28,28,0
Stephen Cole,27,27,0
Jesus Maria,23,23,0
Brandon Kyle,21,21,0
William James,23,23,0
Marcus Lucius,122,122,0
Samuel Lawrence,118,118,0
Charles Edward,125,125,0
William Allen,122,122,0
Joel D.,23,23,0
Frederick Brown,23,23,0
George Cresse,29,29,0
John Alan,26,26,0
Leo,22,22,0
Maurice Wayne,24,24,0
Isaac Newton,27,27,0
Donald Raymond,129,129,0
Edward Fredrick,126,126,0
Charles G.,32,32,0
Samuel E.,126,126,0
Todd Richard,26,26,0
Anders Gar,26,26,0
John E.,29,29,0
William Homer,122,122,0
William Bell,122,122,0
Bradley Christopher,23,23,0
Henry Risk,131,131,0
Brandon Scott,30,30,0
John Wesley,122,122,0
William Charles,23,23,0
John Robert,22,22,0
Herbert Benjamin,123,123,0
Alonzo,20,20,0
Charles Jenkins,22,22,0
Dennis Scott,29,29,0
Frank Walter,26,26,0
Oscar Martin,122,122,0
Andrew Francis,125,125,0
Andrew Matthew,122,122,0
Donald Wayne,125,125,0
James Patrick,128,128,0
William Joseph,127,127,0
Erik Kendall,25,25,0
John,21,21,0
Douglas William,23,23,0
Patrick James,31,31,0
John Graydon,30,30,0
Blaine Patrick,27,27,0
Edward,21,21,0
Francis Joseph,28,28,0
Gary Lynn,23,23,0
Scott Durbin,29,29,0
William Henry,123,123,0
William Edgar,30,30,0
Charles Harold,122,122,0
Roy Inglof,120,120,0
Frank Cicero,24,24,0
John Clifford,122,122,0
Harry Francis,117,117,0
Earl Sylvester,125,125,0
James John,126,126,0
Robert Lee,24,24,0
Oscar Theander,123,123,0
Thomas James,20,20,0
Bruce Daniel,122,122,0
Jason Wyatt,25,25,0
Christian Henry,124,124,0
William,19,19,0
Charles Michael,29,29,0
Washington Ritter,26,26,0
James Michael,29,29,0
Patrick J.,27,27,0
Raymond Joseph,123,123,0
Gregory Rudolph,23,23,0
Jeffrey Roger,26,26,0
Walter Scott,122,122,0
James Abner,45,45,0
John Henry,-48,-48,0
Charles Otto,120,120,0
Peter James,25,25,0
Alexander Edward,26,26,0
Thomas Henry,22,22,0
Luther Raymond,123,123,0
Harold Douglas,-30,-30,0
Ray Wilson,129,129,0
Christopher Kenneth,29,29,0
John Arthur,121,121,0
Christopher Francis,118,118,0
Gary Allen,27,27,0
Ryan Wade,25,25,0
John Duane,26,26,0
Fred Ames,19,19,0
Heath Burnett,26,26,0
William Kiernan,31,31,0
James Millard,122,122,0
Homer Harold,122,122,0
Eugene Franklin,23,23,0
Edward,123,123,0
Roy Lee,25,25,0
Charles Henry,25,25,0
Ernest Herman Frank,123,123,0
Witt Orison,132,132,0
Woodward William,122,122,0
Frederick William,22,22,0
Hyland,123,123,0
Marcus Edwin,30,30,0
Richard Warren,24,24,0
Irvin William,24,24,0
Bruno Philip,124,124,0
Ewell,129,129,0
George Albert,121,121,0
Harley Joseph,22,22,0
Lee Mathew,29,29,0
Lewis Carl,136,136,0
Ernest John,120,120,0
Harvey Harrison,122,122,0
Jarrett George,33,33,0
Thomas Dillard,126,126,0
Matthew Allen,28,28,0
Charles Byrd,123,123,0
Michael Edward,26,26,0
Alexander,28,28,0
Creighton Wade,27,27,0
Juan Antonio,25,25,0
Robert Joseph,21,21,0
Jose Carlos,26,26,0
Theodore,129,129,0
Wesley Garvin,121,121,0
Steven Benjamin,25,25,0
Morris Medlock,126,126,0
Fred James,129,129,0
Ryan Lee,25,25,0
Donovan Jay,27,27,0
James Edward,20,20,0
Aloysius James,124,124,0
John Alexander Charles,24,24,0
Sean Michael,26,26,0
Elmer Joseph,122,122,0
Roger Dee,22,22,0
Charles H.,24,24,0
Mark John,24,24,0
John Sylvester,124,124,0
Newton Schurz,120,120,0
Herbert Silas,125,125,0
Joshua Alan,23,23,0
Charles Emil,22,22,0
Bradin Carl,25,25,0
Leo Edgar,123,123,0
Francis R.,21,21,0
Richard Frederick,124,124,0
Frederick Aloys,23,23,0
Jesse Allen,25,25,0
Edward E.,25,25,0
Henry Luther,125,125,0
John Louis,25,25,0
Samuel Harding,31,31,0
Charles Walter,24,24,0
Herbert Earl,122,122,0
William Bernard,119,119,0
John Arthur,121,121,0
James Clifton,122,122,0
Chester,123,123,0
George Stanley,124,124,0
Edward L.,22,22,0
John Avery,22,22,0
Ray Luther,122,122,0
Reid Evan,29,29,0
Herbert Allen,28,28,0
Terrance J.,23,23,0
Robert John,25,25,0
Keith Bradley,24,24,0
Thomas David,120,120,0
Joseph,25,25,0
Nicholas Anthony,28,28,0
Eugene Joseph,124,124,0
John Henry William,121,121,0
Ralph Nelson,124,124,0
Arthur Ingram,129,129,0
Clyde Samuel,120,120,0
Raymond Daniel,127,127,0
James Patrick,122,122,0
Marco Elias,22,22,0
Miguel Antonio,23,23,0
Miguel Alfredo,28,28,0
Herbert Frank,24,24,0
Charles Furman,127,127,0
Wenceslao,30,30,0
Charles Henry,128,128,0
James,24,24,0
Bert,124,124,0
Lee Willard,24,24,0
Archibald Wright,128,128,0
Oscar Marion,129,129,0
Dawson Francis,122,122,0
Tyler Lewis,28,28,0
Bert Thomas,23,23,0
Thomas Raymond,26,26,0
James Ronald,129,129,0
Ulysses Franklin,35,35,0
Lawrence Clyde,24,24,0
Rodney Blaine,28,28,0
Theodore Lee,123,123,0
John J.,24,24,0
Frederick Gottleib,124,124,0
Louis George,24,24,0
Samuel Mason,57,57,0
Franklyn Benjamin,25,25,0
Michael Lee,22,22,0
Christopher DeWayne,24,24,0
Altar Alfonse,25,25,0
Milton Marshall,123,123,0
Peter J.,130,130,0
Stanley Oscar,124,124,0
William Henry,30,30,0
John A.,22,22,0
Lewis,28,28,0
Louis Junior,124,124,0
Beiker,25,25,0
Frank Norris,26,26,0
Joseph Ebenezer,120,120,0
Kendall Chase,24,24,0
Samuel Sidney,126,126,0
George Edward,26,26,0
David Alexander,21,21,0
Harvey George,120,120,0
David Jason,25,25,0
James F.,30,30,0
Nicholas,27,27,0
Joseph Henry,127,127,0
Richard Douglas,28,28,0
Shane,26,26,0
Steve,23,23,0
Romer Carl,128,128,0
Randal Alexander,23,23,0
Carlos Phillipe,123,123,0
Thomas Andrew,26,26,0
William Joseph,121,121,0
Frank Ernst,124,124,0
Howard Watterson,125,125,0
Grover LeRoy,26,26,0
David Charles,122,122,0
John Thomas,28,28,0
Austin Roy,127,127,0
Ross Albert,29,29,0
Conrad George,24,24,0
Guido John,27,27,0
Leon Clifford,121,121,0
Martin John,127,127,0
Patrick Richard,121,121,0
Lucien Edward,123,123,0
Edwin Frederick,122,122,0
Stephen Paul,133,133,0
Allen Russell,24,24,0
Oscar John,122,122,0
David Frederick,26,26,0
Craig Stuart,26,26,0
George Alois,20,20,0
James Leslie,22,22,0
Leighton P.,20,20,0
Robert Murray,21,21,0
Joshua,-11,-11,0
Anthony James,23,23,0
Joseph Francis,123,123,0
Byron Earl,24,24,0
Anthony Paul,22,22,0
Robert Paul,21,21,0
Charles Ellsworth,126,126,0
Charles Griffin,125,125,0
Warren Crandall,4,4,0
Jason Edward,27,27,0
Kenneth Robert,24,24,0
Mark David,29,29,0
John G.,26,26,0
Harry H.,22,22,0
Drew Edward,24,24,0
Joseph Henry,122,122,0
James H.,55,55,0
Norman Phillip,29,29,0
Alfred Gideon,24,24,0
William Joseph,27,27,0
Joseph John,122,122,0
Tinsley Rucker,123,123,0
Leonard Preston,127,127,0
George Fred,23,23,0
Warren Darst,130,130,0
James Joseph,23,23,0
Pitkin Clark,20,20,0
Paul Gant,22,22,0
Lawrence Patrick D.,-37,-37,0
James Clifford,24,24,0
Thomas Bradford,28,28,0
Harold Edward,124,124,0
Claral Lewis,123,123,0
Edward James,124,124,0
John Patrick,122,122,0
John William Linden,28,28,0
Fredi Jesus,-64,-64,0
Gabriel,26,26,0
Eusebio Miguel,126,126,0
Lawrence Christopher,26,26,0
Lariel Alfonso,22,22,0
Julio Enrique,129,129,0
Joe Madrid,122,122,0
Preston,121,121,0
Randell Scott,27,27,0
Mauro Alexis,28,28,0
Isidore,124,124,0
John Michael,28,28,0
Danny Ray,28,28,0
Joseph Harold,22,22,0
Stanley,123,123,0
Walter George,128,128,0
James Walter,124,124,0
Christopher Odell,26,26,0
Harold,26,26,0
Thomas Arthur,28,28,0
Charles August,126,126,0
Thomas Joseph,127,127,0
Joseph Albert Rolland Edouard,133,133,0
John Burke,126,126,0
Norman Matthew,126,126,0
Luke Frank,120,120,0
Michael Patrick,30,30,0
Harry Melville,125,125,0
John,32,32,0
Salvador Michael,128,128,0
George,25,25,0
Burdette,126,126,0
Bradley Edward,27,27,0
Roy William,20,20,0
Carlton Tyrell,26,26,0
Jacob Dwayne,27,27,0
Wilbur Edwin,124,124,0
William John,28,28,0
Erik Van Norman,26,26,0
John Hardy,23,23,0
Norman Stanley,120,120,0
Lester Alfred,121,121,0
Thomas Newton,131,131,0
Eugene Hewitt,124,124,0
Yovanny B.,25,25,0
Matthew August,27,27,0
Lorenzo,23,23,0
Frank Greenfield,27,27,0
Martin John,125,125,0
Robert William,34,34,0
Erwin Henry,127,127,0
Donald O'Neal,24,24,0
Thomas F.,25,25,0
Erling Adell,123,123,0
Willard Almond,122,122,0
Patrick Cliborn,23,23,0
Stephen Patrick,124,124,0
Stephen Karari,25,25,0
Robert McKahan,122,122,0
Harry Raymond,126,126,0
Henry John,27,27,0
Victor Raymond,24,24,0
Edward Francis,124,124,0
Alfred William,21,21,0
Ronald David,23,23,0
James Ross,24,24,0
Joseph Dudley,25,25,0
Sean Christopher,28,28,0
William Henry,126,126,0
Robert Andrew,125,125,0
Arthur David,129,129,0
Garland Frederick,128,128,0
William Hershel,124,124,0
Francis Patrick,126,126,0
William Wallace,132,132,0
Daniel C.,26,26,0
Brent Allen,27,27,0
Jalal Donnell,32,32,0
Robert H.,42,42,0
Lester Lee,127,127,0
Eugene Francis,121,121,0
Peter John,129,129,0
Herman,126,126,0
Steven George,22,22,0
Marcus Dwayne,24,24,0
Jacob Ryan,24,24,0
Frank James,129,129,0
Richard Edward,120,120,0
William Gilbert,126,126,0
Kenneth Henry,24,24,0
Samuel H.,28,28,0
Gary Dean,29,29,0
Richard Harrison,122,122,0
James Hunter,124,124,0
Lewis Grover,121,121,0
Jesse Glenn,126,126,0
Kenesaw Mountain,34,34,0
Alexander,121,121,0
Andrew Ewing,123,123,0
Jerry Scott,25,25,0
Masumi,39,39,0
Ryan Yoshitomo,23,23,0
Harold James,25,25,0
Edward Daniel,123,123,0
Joseph Julius,127,127,0
Bowie Kent,-26,-26,0
Bernard Daniel,125,125,0
John A.,127,127,0
John Michael,29,29,0
Earl Dewey,125,125,0
Edward Cory,22,22,0
Osceola Guy,129,129,0
Allen Robert,23,23,0
William D.,20,20,0
John Joshua,25,25,0
Edwin Joseph,122,122,0
Byron Joseph,128,128,0
Roger Victor,26,26,0
Arthur Clifford,28,28,0
Satoru,37,37,0
Erik Jordan,25,25,0
Karl Dickey,123,123,0
Dennis John,24,24,0
Dae-Sung,36,36,0
Graham Clinton,28,28,0
Harry M.,22,22,0
Walter Henry,122,122,0
George Karl,128,128,0
Clarence Otto,127,127,0
Joseph Peter,126,126,0
Joseph,124,124,0
Brian Mark,26,26,0
William John,19,19,0
Arthur Emil,129,129,0
Michael Thomas,127,127,0
Joseph William,20,20,0
Frederick Charles,126,126,0
Ralph Wesley,126,126,0
James Edward,25,25,0
Benjamin Anthony,22,22,0
Charles Fredrick,128,128,0
Steve Charles,24,24,0
John Thomas,-36,-36,0
Joshua J.,22,22,0
Abraham,123,123,0
Albert,24,24,0
Gary Eugene,26,26,0
Henry Charles,126,126,0
Gilbert Thomas,26,26,0
Stanislaw Leo,125,125,0
Bernard Carl,123,123,0
Karl Otto,-37,-37,0
Phil William,25,25,0
William Joseph,26,26,0
Jay Allen,27,27,0
John Robert,26,26,0
Stanley Harold,134,134,0
Rudolph A.,132,132,0
Hugo Emil,126,126,0
Thomas Carl,27,27,0
Ollie Chester,125,125,0
Christopher Anestos,26,26,0
Harry Louis,123,123,0
Garland Routhard,23,23,0
Ernest Alexander,127,127,0
William Partlemore,27,27,0
Thomas Daniel,120,120,0
James Herschel,126,126,0
Edward August,135,135,0
George Bertram,134,134,0
Kenneth Thomson,125,125,0
Joseph Steven,123,123,0
Oscar Edward,123,123,0
Charles Elmer,124,124,0
Corey Andrew,23,23,0
Rudolph Frank,127,127,0
Charles,28,28,0
Austin Jay,129,129,0
George Henry,20,20,0
Barnett,121,121,0
Horace Levering,123,123,0
William Young,122,122,0
Thomas Herbert,120,120,0
Andrew Jackson,26,26,0
Clifford Hiram,122,122,0
Edward William,19,19,0
Brian Wayne,24,24,0
Willis Thomas,123,123,0
Casey Patrick,23,23,0
Francis Mortiford,120,120,0
Edward Leo,126,126,0
John Benedict,128,128,0
Albert Clement,122,122,0
William Dearstyne,130,130,0
Nathaniel Monroe,27,27,0
Everett Lee,23,23,0
Donald Stafford,125,125,0
Kristopher Shane,24,24,0
Michael Joseph,24,24,0
John James,19,19,0
William Edward,22,22,0
Herman John,130,130,0
Albert Daniel George,24,24,0
Arthur Joseph,122,122,0
Edward Benninghaus,125,125,0
Edward Aloysius,131,131,0
George William,126,126,0
Albert Michael,126,126,0
Reynolds Joseph,124,124,0
R. B.,125,125,0
Jay Thomas,25,25,0
John O.,23,23,0
Michael J.,124,124,0
Dale Patrick,25,25,0
Charles Franklin,29,29,0
Chester Lawrence,121,121,0
Sherman Carl,123,123,0
George Henry,28,28,0
George Francis,28,28,0
Albert Aloysius,123,123,0
Joseph Donald,23,23,0
John M.,22,22,0
William Brown,119,119,0
Joshua Harry,28,28,0
John Thomas,23,23,0
Gregory Steven,28,28,0
Edward Paul,126,126,0
Edward James,25,25,0
Robert M.,25,25,0
Sean Frank,24,24,0
John Joseph,-11,-11,0
Charles Hugh,123,123,0
Leo Daniel,120,120,0
Walter Brocton,129,129,0
Justin Malcolm,26,26,0
John Gottlieb,122,122,0
Takashi,26,26,0
Robert Clyde,133,133,0
Steven Patrick,24,24,0
Wayman William,126,126,0
Orie Milton,124,124,0
William George,29,29,0
William Edward,23,23,0
James Earl,24,24,0
John Irvin,31,31,0
Kevin Curtis,-54,-54,0
Raymond Lincoln,121,121,0
Sherman Montgomery,124,124,0
Henry John,127,127,0
Horace Kent,122,122,0
John Westly,120,120,0
Russell Eldon,125,125,0
Daniel Patrick,129,129,0
John Melville,122,122,0
Robert Keith,26,26,0
Augustus Franklin,125,125,0
Philip,128,128,0
Mark Winston,26,26,0
Joseph Isadore,124,124,0
Evans Henry,23,23,0
John William,124,124,0
Richard Lewis,130,130,0
Cole A.,26,26,0
Eugene Boynton,21,21,0
Harold Lee,122,122,0
William H.,26,26,0
Harry Hersel,124,124,0
William Francis,21,21,0
Samuel Warren,32,32,0
Westcott William,132,132,0
Henry Lees,122,122,0
Isaac Leonard,123,123,0
Robert Wayne,123,123,0
Nicholas Alexander,126,126,0
Thomas R.,25,25,0
Owen Earle,125,125,0
Robert Thomas,21,21,0
Donald Wayne,25,25,0
John Joseph,125,125,0
Charles Henry,20,20,0
William Philip,121,121,0
Josh Steven,25,25,0
Lyle Leroy,122,122,0
John Samuel,123,123,0
Michael Allen,20,20,0
Herbert Victor,125,125,0
Earl Herold,121,121,0
Walter Newton,122,122,0
John Francis,125,125,0
Thomas Joseph,132,132,0
William Jeremiah,24,24,0
James Joseph,127,127,0
William Arthur,126,126,0
Martin Gregory,123,123,0
Herbert,129,129,0
William John,121,121,0
Paul Otto,121,121,0
Michael Henry,27,27,0
Milton Mignot,26,26,0
Scott Allan,25,25,0
Charles T.,25,25,0
Timothy Byron,23,23,0
William Roderick,126,126,0
Ricky Miron,28,28,0
Morris E.,129,129,0
Richard Edward,22,22,0
Frank,122,122,0
Aloysius C.,24,24,0
Kevin John,26,26,0
Caleb Martin,28,28,0
Corban Raymond,25,25,0
Carl,123,123,0
John Joseph,125,125,0
Jesse Frank,125,125,0
Arthur Lennox,126,126,0
Charles F.,23,23,0
Dale Eldon,123,123,0
Darryl Lee,28,28,0
Dax Xenos,26,26,0
Daniel Albion,23,23,0
Henry Monroe,27,27,0
Howard,124,124,0
Earl Leslie,126,126,0
Frank M.,26,26,0
Jeffrey Raymond,26,26,0
Jason Dewey,27,27,0
James Steven,26,26,0
Mitchell C.,32,32,0
Marcus Ray,25,25,0
Michael,25,25,0
Oliver Tracy,126,126,0
Otis L.,128,128,0
Adam Rankin,124,124,0
Rondin Allen,28,28,0
Rontrez DeMon,27,27,0
Roy,123,123,0
Rex David,27,27,0
Thomas Pearce,22,22,0
Eric Spenser,25,25,0
William Julius,1,1,0
Robert Keith,27,27,0
Keith,29,29,0
Mark J.,25,25,0
Michael Norton,23,23,0
Lloyd William,124,124,0
John Louis,25,25,0
John Thomas,123,123,0
James Brian,25,25,0
Jesse James,21,21,0
Kyle Jordan,24,24,0
Rex Haughton,21,21,0
George Alexander,28,28,0
Benjamin Franklin,123,123,0
Chad Daniel,25,25,0
William Nesbert,125,125,0
Edward Ambrose,123,123,0
Albert Alfred,123,123,0
Joseph Thompson,122,122,0
Byron William,127,127,0
Albert,125,125,0
Harry Joseph,123,123,0
Eric Eugene,28,28,0
James Hensel,126,126,0
William A.,68,68,0
Justin Ray,25,25,0
Vernon Alexander,121,121,0
Thomas Edward,25,25,0
John Rhyne,27,27,0
Thomas Franklin,123,123,0
Eric William,23,23,0
Kenneth Raymond,23,23,0
Cedric Scott,23,23,0
Edison Franklin,128,128,0
William Ellsworth,125,125,0
James MacGregor,27,27,0
Robert Lemuel,20,20,0
Frederick Creighton,131,131,0
Richard Thomas,22,22,0
Brandon Michael,-73,-73,0
William S.,46,46,0
Joshua Colt,28,28,0
Edwin Forrest,23,23,0
Joseph Johnson,128,128,0
George Herbert,25,25,0
Roy Lee,123,123,0
Harry Emanuel Kress,123,123,0
Chad Martin,24,24,0
Carl Lawrence,123,123,0
William J.,24,24,0
Timothy Carroll,35,35,0
William Hansel,26,26,0
James Lavon,27,27,0
Jimmy O'Neal,25,25,0
Joseph William,123,123,0
Glenn Anthony,25,25,0
Kenneth Roger,23,23,0
Craig Michael,23,23,0
Edward H.,134,134,0
Willard Edwin,123,123,0
Charles F.,29,29,0
James Robert,26,26,0
Brian Jeffery,26,26,0
Hanson,123,123,0
Michael Joseph,130,130,0
John Nicklaus,28,28,0
James McDaniel,127,127,0
Clarence Franklin,23,23,0
Joseph Patrick,129,129,0
William Frank,31,31,0
Berlyn Dale,130,130,0
Allen,23,23,0
Robert Calvin,0,0,0
Daniel Philip,128,128,0
Roland Edison,31,31,0
Peter Alexander,26,26,0
Otto,125,125,0
David Mark,27,27,0
Earl Eugene,125,125,0
Calvin Earl,28,28,0
Patrick O'Neal,24,24,0
Murray Donald,132,132,0
Roland Boatner,120,120,0
Matthew Christopher,29,29,0
Paul Joseph,125,125,0
Steven Bernard,27,27,0
Fred Fritz,24,24,0
Fred Irving,23,23,0
Earl Nycum,125,125,0
Luis Antonio,30,30,0
Jason Jon,26,26,0
Juan Antonio,25,25,0
Brett Paul,24,24,0
Byron Bancroft,35,35,0
Thomas Alan,28,28,0
Arthur Gilbert,130,130,0
Richard Allan,26,26,0
Gerald Clyde,28,28,0
Wilfred Ivy,125,125,0
Edwin Cyril,121,121,0
Elmer Ellsworth,130,130,0
Chester Lillis,129,129,0
Caleb Clark,27,27,0
Charles Cleveland,123,123,0
Michael Joseph,26,26,0
Daniel Edward,128,128,0
Nathan W.,28,28,0
Shawn Darrell,26,26,0
Felix Elvio,24,24,0
German,26,26,0
John Robert,126,126,0
Alfred Gorden,28,28,0
William Lee,26,26,0
Walter Charles,122,122,0
Raymond William,121,121,0
Ignacio Alfred,22,22,0
Paul,23,23,0
Domingo,24,24,0
Christopher John,27,27,0
Frank Anthony,124,124,0
Gregory Dion,26,26,0
Stuart Louis,124,124,0
Larry William,29,29,0
Arthur Edward,137,137,0
Patrick Thomas,24,24,0
Thomas Patrick,25,25,0
Paul Henry,22,22,0
Charles Thomas,129,129,0
Joseph Peter,125,125,0
Otto Albert,129,129,0
Raymond Frederick,126,126,0
John Lewis,124,124,0
Kenneth Bernard,24,24,0
Justin Duane,29,29,0
Richard Lee,20,20,0
Delvin DeWayne,24,24,0
Juan Jose,27,27,0
Charles Dewey,124,124,0
Arthur,23,23,0
Berton Hulon,123,123,0
Harold,124,124,0
Frederick Bidds,127,127,0
Melvin David,125,125,0
Charles W.,23,23,0
Robert Randolph,131,131,0
William John,125,125,0
Gary Raymond,24,24,0
Herman Edward,129,129,0
Gregory Alexander,23,23,0
Ender David,24,24,0
Blaise Francis,30,30,0
Harry Miller,124,124,0
Thomas Andrew,126,126,0
Walter Kingsley,124,124,0
Orlando,21,21,0
William Franklin,27,27,0
Enrique Roberto,36,36,0
Hansel,25,25,0
Herbert Benjamin,122,122,0
Henry Everett,26,26,0
Shawn Leroy,25,25,0
Elwood Marter,122,122,0
Herman Alexander,123,123,0
Howard Elbert,123,123,0
Michael Travis,26,26,0
Jessie Edward,22,22,0
John Henry,22,22,0
Bradley Thomas,25,25,0
Alva Lee,30,30,0
James Madison,121,121,0
Richard Lloyd,27,27,0
Samuel Everett,129,129,0
John Winton,124,124,0
Michael H.,23,23,0
Michael Leon,26,26,0
Alexander Marcus,129,129,0
James Emmett Madison,131,131,0
Roger Boyd,24,24,0
Tyler Andrew,25,25,0
Wallace James,124,124,0
Lavern George,23,23,0
Albie Larrison,122,122,0
Wilbert George,121,121,0
Robert Edward,20,20,0
George Augustine,129,129,0
Harry Sweet,125,125,0
Clarence Casper,125,125,0
Lawrence Charles,123,123,0
Raymond Lamont,125,125,0
Edward Adolph,122,122,0
Frederick Chamberlain,35,35,0
William Joseph,121,121,0
John Stephen,27,27,0
William James,124,124,0
William David,124,124,0
Mario Eduardo Lemus,26,26,0
Gary Charles,25,25,0
David Allen,29,29,0
James Marbury,125,125,0
William Henry,124,124,0
David Burnham,20,20,0
Garry Alton,23,23,0
Herbert Lee,124,124,0
Belden L.,26,26,0
Edward Garfield,124,124,0
Palmer Marion,129,129,0
George Albert,124,124,0
Edward Thomas,128,128,0
Kevin Wayne,26,26,0
Mark Douglas,26,26,0
Mahlon Jesse,121,121,0
William Travis,125,125,0
Joseph Carl,25,25,0
Clarence Walter,29,29,0
Edward A.,129,129,0
John William,123,123,0
Michael Francis,28,28,0
John Denison,20,20,0
James Kerr,23,23,0
Roy Wesley,123,123,0
Edward Burton,125,125,0
Ed Oliver,26,26,0
Harold Morris,27,27,0
Kevin Jon,27,27,0
Paul Joseph Denis,20,20,0
Aloysius Joseph,129,129,0
Harley Parnell,25,25,0
James Franklin,127,127,0
Bruce Smith,120,120,0
John Douglas,26,26,0
Charles Marion,25,25,0
Avitus Bernard,-17,-17,0
Howard James,26,26,0
David Taylor,25,25,0
William Edward,127,127,0
Thomas Brad,-63,-63,0
Oliver Clinton,130,130,0
John Preston,18,18,0
Clifford Joseph,124,124,0
James Paul,124,124,0
Herbert August,27,27,0
John Robert,125,125,0
Samuel Russell,24,24,0
Henry Fred,28,28,0
Harry Sibley,129,129,0
Daniel Gordon,129,129,0
William Louis,121,121,0
Paul Edwin,26,26,0
Fernando,26,26,0
Fernando,24,24,0
Gorkys Gustavo,25,25,0
Enrique J.,23,23,0
Jesus Rafael,29,29,0
George Washington,30,30,0
Frank Wilde,125,125,0
William Francis,24,24,0
Ubaldo Jose,31,31,0
Frederick,128,128,0
William Lewis,21,21,0
Matthew Davis,26,26,0
Philip Frank,134,134,0
Charles Floyd,27,27,0
Rodolfo,21,21,0
Tobias Rafael,26,26,0
Procopio,25,25,0
Thomas H.,31,31,0
Harry Francis,23,23,0
Yoel Alejandro,27,27,0
Dilson Jose,20,20,0
Thomas Edward,25,25,0
William Troy,26,26,0
Walter William,122,122,0
William Francis,122,122,0
Herbert Lee,121,121,0
August Julius,121,121,0
Charles Jacob,25,25,0
Gregory George,21,21,0
Lawrence,123,123,0
Christopher L.,26,26,0
Thomas Joseph,17,17,0
Neal Charles,21,21,0
Stephen Allan,19,19,0
George Edward,121,121,0
Martin John,125,125,0
Richard Franklin,26,26,0
Earl Walter,24,24,0
Frank,128,128,0
Randall Philip,25,25,0
Richard Lee,25,25,0
Lester Baker,120,120,0
Lafayette Marion,120,120,0
Robert Clifton,25,25,0
Gail Curtice,26,26,0
Edward Siegfried,45,45,0
Kyle Christian,25,25,0
Edward,125,125,0
Russell Frederick,28,28,0
Bret Ryan,28,28,0
Roland,-29,-29,0
Edward J.,130,130,0
Bernard,122,122,0
William Maxwell,129,129,0
William C.,43,43,0
Melvin Nicholas,27,27,0
Henry Anton,122,122,0
Emory Wilbur,125,125,0
Anthony Joseph,25,25,0
Johnny David,25,25,0
Horace Willing,23,23,0
Kelly Mark,25,25,0
Bryan McCall,27,27,0
Michael Joseph,29,29,0
Spencer Paul,127,127,0
Drungo LaRue,21,21,0
Willard Carpenter,126,126,0
Jerad Lee,29,29,0
Ralph,130,130,0
Andrew M.,23,23,0
Charles,18,18,0
Jehosie,34,34,0
Edmund,123,123,0
Val Raymond,122,122,0
William Henry,121,121,0
Robert Hilmer,27,27,0
Herman Charles,119,119,0
John Peter,23,23,0
Clarence Edward,127,127,0
James Edward,27,27,0
Richard Michael,26,26,0
Leroy Barton,19,19,0
Bronson Wayne,25,25,0
Franklin,21,21,0
Louis Wilbur,39,39,0
John George,129,129,0
Harry Malcolm,125,125,0
Bertram Alexander,27,27,0
Frederick Maurice,31,31,0
Jeremiah Francis,130,130,0
Thomas Joseph,128,128,0
Alexander F.,28,28,0
James Henry,17,17,0
Edward Vincent,27,27,0
John Frederick,129,129,0
Charles Michael,127,127,0
Edward Alexander,129,129,0
Leonard Peter,126,126,0
Henry E.,25,25,0
William James,124,124,0
Charles Albert,20,20,0
Jeremiah Joseph,126,126,0
Charles William,125,125,0
Charles Dwight,128,128,0
Melvin A.,24,24,0
Elmer L.,23,23,0
Charles William,22,22,0
John Franklin,128,128,0
Thomas James,123,123,0
Christopher Omar,28,28,0
Lester Carrington,20,20,0
Alfred George,26,26,0
Leon Mark,133,133,0
John Kenneth,123,123,0
Raymond Joseph,123,123,0
Ona Melvin,126,126,0
Robert Wayne,25,25,0
Thomas Marion,28,28,0
Patrick Henry,22,22,0
Robert Louis Paul,24,24,0
Brian Adam,28,28,0
Frank Lawrence,23,23,0
Brent P.,26,26,0
Edward George,122,122,0
Alec John,21,21,0
George Adam,122,122,0
George Charles,126,126,0
Anthony James,24,24,0
James Michael,27,27,0
Eugene A.,25,25,0
Anthony Andrew,131,131,0
Ryan David,27,27,0
Julio Cesar,25,25,0
Michael Anthony,26,26,0
Joseph Bernard,30,30,0
Travis Norton,23,23,0
Brian John,26,26,0
Kyle Dean,27,27,0
Thomas Francis,124,124,0
Melvin Elliott,131,131,0
Paul Raymond,123,123,0
Odrisamer,27,27,0
Robert Wayne,26,26,0
Charles H.,23,23,0
Walter Joseph,124,124,0
Doug Rinehart,27,27,0
Harold John,127,127,0
James Raymond,122,122,0
Rex Eugene,125,125,0
Harley Hugh,120,120,0
Robert Lee,127,127,0
Leroy Louis,23,23,0
Benjamin Howard,23,23,0
Reese Wilson,119,119,0
Stephen E.,21,21,0
Martin,-5,-5,0
Henry Harrison,46,46,0
Lance Michael,21,21,0
Juan Carlos,28,28,0
Juan Habisail,24,24,0
Jose Rafael,30,30,0
George Clark,125,125,0
Felix Antonio,24,24,0
Jairo Jose,23,23,0
Eddy Javier,26,26,0
Carlos Francisco,26,26,0
Thomas Nicklaus,27,27,0
Argenis Jose,23,23,0
Jeffrey Allen,22,22,0
John Joseph,125,125,0
Barney,35,35,0
Michael Columbus,124,124,0
John Leo,122,122,0
Dennis F.,23,23,0
Michael F.,21,21,0
Thomas F.,126,126,0
Nicholas,121,121,0
Matthew Marshall,27,27,0
John Brown,22,22,0
Cecil Elba,126,126,0
Matthew Clark,28,28,0
Patrick Henry,131,131,0
Bernard Allen,120,120,0
James Elmer,126,126,0
Matthew Michael,23,23,0
Jacob Dixon,17,17,0
Jeffrey Donald,27,27,0
Howard James,126,126,0
David Ralph,20,20,0
Alexander Cummings,120,120,0
Kenneth Allen,26,26,0
Joseph E.,24,24,0
Charles William,22,22,0
Lawrence Howard,125,125,0
Dennis Anthony,26,26,0
Clarence G.,30,30,0
John Leo,121,121,0
James Joseph,121,121,0
William Henry,27,27,0
Thomas Dean,25,25,0
Michael Cory,26,26,0
Lyman Daniel,32,32,0
Robert Nicholson,124,124,0
Cameron Steward,24,24,0
Kirk Richard,22,22,0
Michael Anthony,27,27,0
Jacob F.,28,28,0
William Richard,127,127,0
Thomas Kent,28,28,0
William George,20,20,0
Albert Ward,28,28,0
Christopher Paul,25,25,0
Joseph Michael,134,134,0
Robert Andrew,28,28,0
Adam Lynn,26,26,0
Robert Eugene,24,24,0
George Dewey,127,127,0
James Garfield,121,121,0
Michael Joseph,27,27,0
Grant Lester,30,30,0
James William,28,28,0
James William,23,23,0
Leland Huffield,124,124,0
Henry Houston,125,125,0
Stephen B.,26,26,0
Frank Oliver,124,124,0
Michael Dennis,23,23,0
Daniel James,27,27,0
German,24,24,0
James William,21,21,0
Steven Allen,22,22,0
Edward Joseph,120,120,0
Christopher Mark,26,26,0
John Rogers,20,20,0
Jacob Frank,121,121,0
Claude Lee,23,23,0
John Gresham,122,122,0
Charles Hercules,41,41,0
Derrin Lee,23,23,0
Hiram C.,30,30,0
Harry Josiah,122,122,0
Craig,25,25,0
William Scott,24,24,0
Harry Hamlet,20,20,0
Roy Charles,129,129,0
Donald Johnson,25,25,0
William Albert,30,30,0
Charles Eugene,124,124,0
William Lycurgus,21,21,0
Charles Emory,128,128,0
John F.,30,30,0
Radhames Alviro,24,24,0
Alfred Edward,121,121,0
John Patrick,20,20,0
Dagoberto,24,24,0
James Alaric,26,26,0
Robert,25,25,0
Jesus Patracis,33,33,0
Paul Dean,26,26,0
Donald Leroy,24,24,0
Edgar Jewel,122,122,0
John A.,22,22,0
Eugene Leon,123,123,0
Arthur Elliott,123,123,0
Thomas Woodrow,127,127,0
Eric Le Roi,26,26,0
Joseph A.,42,42,0
Michael John,27,27,0
William Henry,124,124,0
Zachary Quinn,23,23,0
Cornelius Stephen,128,128,0
Patrick Francis,125,125,0
Mark,20,20,0
Rufus,24,24,0
Evan Shane,26,26,0
Joseph Randal,27,27,0
Kenneth Daniel,121,121,0
Charles Lowrie,123,123,0
David Gordon,27,27,0
David Gerald,26,26,0
August L.,20,20,0
Jack Dalton,129,129,0
Bernard Odell,120,120,0
Robert Anthony,121,121,0
Christopher John,24,24,0
Daniel T.,27,27,0
James John,124,124,0
Frank Atwell,128,128,0
Casey W.,24,24,0
David Solomon,126,126,0
Kyle Richard,23,23,0
Patrick J.,22,22,0
William Arthur,126,126,0
Chester Arthur,124,124,0
Morris Arthur,32,32,0
William Dunn,124,124,0
John Francis,125,125,0
Peter Martin,29,29,0
James Carl,27,27,0
John J.,22,22,0
Samuel Lawrence,125,125,0
Vincent Perry,26,26,0
George R.,27,27,0
John Douglas,126,126,0
Peter George,126,126,0
Angelo George,21,21,0
Jay Steven,18,18,0
Jerome Alexander,27,27,0
Charles L.,23,23,0
Charles Edward,24,24,0
Handley Jacob,126,126,0
Harold Jack,25,25,0
James Joseph,26,26,0
Harold Paul,122,122,0
Clifford Roland,122,122,0
George William,24,24,0
Henry Frederick,124,124,0
Frederick Clinton,122,122,0
James J.,27,27,0
Jeffrey Michael,26,26,0
Harry Robert,125,125,0
Raymond Emmett,-13,-13,0
Patrick Rees,23,23,0
Arthur Lee,124,124,0
Michael Edward,28,28,0
Albert Joseph,122,122,0
George Josephs,122,122,0
Jack Lloyd,26,26,0
Elbridge Rust,124,124,0
Thomas David,24,24,0
Mody,124,124,0
Walter James,25,25,0
Simon Francis,128,128,0
Delancey Lafayette,24,24,0
William Cleveland,29,29,0
William Edward,123,123,0
Wilfred Hillard,26,26,0
John Joseph,30,30,0
Archibald Murphy,123,123,0
Perry Gilmore,119,119,0
George James,123,123,0
Wesley,24,24,0
Stephen Thomas,23,23,0
Colin Benedict,25,25,0
Edwin Russell,57,57,0
Ervin Duane,30,30,0
Frederick Marion,125,125,0
Eugene Holmes,120,120,0
Harry Albert,124,124,0
Alfred Boyd,125,125,0
Eric,23,23,0
James Mark,31,31,0
Jermaine Antwann,26,26,0
Harvey Barnes,125,125,0
Charles H.,50,50,0
Roger I.,26,26,0
Fred Lindsay,128,128,0
John Wesley,127,127,0
Charles Wilson,24,24,0
Paul Stanford,122,122,0
Charles Hommer,126,126,0
Dee Martin,26,26,0
Yurendell Eithel,27,27,0
Adam Joseph,125,125,0
James Harry,126,126,0
Dennis Lee,24,24,0
Jacob Anthony,26,26,0
Anthony John,-63,-63,0
Maurice Leo,126,126,0
Clyde Herbert,122,122,0
William Joseph,127,127,0
James J.,20,20,0
John Thomas,125,125,0
James Michael,27,27,0
Arthur Richard,121,121,0
Raoul Martial,121,121,0
Mark Stephen,29,29,0
Jordan Jay,28,28,0
William Callahan,127,127,0
Michael Dan,125,125,0
James Lawrence,25,25,0
Cornelius Francis,29,29,0
Mark Steven,25,25,0
Leon,129,129,0
Harry,25,25,0
Frederick,24,24,0
Luis,25,25,0
Ramon,25,25,0
Jason Christopher,23,23,0
Albert Charles,122,122,0
Garton Orville,130,130,0
Jose,28,28,0
Lee William,120,120,0
Juan Francisco,27,27,0
Alexander,25,25,0
Jesus Andres,24,24,0
Luis Felipe,23,23,0
William L.,27,27,0
Francisco,25,25,0
Jesus,22,22,0
Roland Robert,26,26,0
Tomas,133,133,0
George Oliver,131,131,0
Logan Reece,25,25,0
James S.,25,25,0
Michael Edward,21,21,0
Clifford Clarence,129,129,0
Isaac,123,123,0
Jeffrey William,30,30,0
John Wallace,122,122,0
Lee Claire,126,126,0
Harry J.,123,123,0
Robert Francis,123,123,0
Harold Ray,24,24,0
Raymond Joseph Robert,28,28,0
Cleatus Lavon,23,23,0
Robert Banks,26,26,0
Claude Edwin,122,122,0
Pompeyo Antonio,25,25,0
Blake Jonathan,28,28,0
Daniel Gerome,28,28,0
Homer Hurd,124,124,0
Matthew Glen,22,22,0
Mordecai Hamilton,55,55,0
Gerald Lee,26,26,0
Johnny Lance,25,25,0
John Humphrey,126,126,0
J. Ira,29,29,0
Jacke Sylvesta,26,26,0
Bradley Edward,28,28,0
John Wilbur,120,120,0
Erik Randall,27,27,0
Steven Michael,26,26,0
Odie Ernest,25,25,0
Otis Allen,126,126,0
Mark Anthony,27,27,0
Woodrow Wilson,125,125,0
Wiley Anderson,21,21,0
Thomas James,26,26,0
Rexford Paul,125,125,0
John B.,53,53,0
Leon,-16,-16,0
Amos Dewon,27,27,0
Robert Burns,24,24,0
Edward J.,20,20,0
Allen Howard,124,124,0
Arthur Joseph,126,126,0
Robert Earl,121,121,0
Ramon Luis,28,28,0
Mervin Thomas,124,124,0
Eugene Joseph,125,125,0
Joseph Bernard,124,124,0
Steven Lee,24,24,0
Terence G.,19,19,0
Daniel George,20,20,0
Dale Roger,20,20,0
Owen Sylvester,126,126,0
Richard Daniel,122,122,0
Edward James,121,121,0
Herbert Leroy,29,29,0
Jerome Patrick,119,119,0
Charles Connell,125,125,0
Arnaldo Juan,29,29,0
Bernard Patrick,19,19,0
William Frederick,124,124,0
Thomas Francis,123,123,0
Thomas Henry,30,30,0
Theodore,21,21,0
Carlos Manuel,23,23,0
Rollin Edward,125,125,0
Earl Davis,133,133,0
Andrew Bernard,26,26,0
Glen Patrick,26,26,0
James Fitchie,124,124,0
Andrew Lewis,2,2,0
Philip Clarence,123,123,0
Calvin Asa,126,126,0
Cecil Lysander,126,126,0
Daniel,24,24,0
Arthur Andrew,121,121,0
John H.,26,26,0
Michael J.,26,26,0
Michael Joseph,128,128,0
Erik Michael,28,28,0
Gary Nathaniel,24,24,0
Gary Clifton,27,27,0
Mays,122,122,0
John Francis,119,119,0
Barry Lee,21,21,0
John Michael,128,128,0
Philip F.,26,26,0
Jeffrey Ray,27,27,0
Nieves Mardie,27,27,0
Edward Norman,124,124,0
Michael A.,29,29,0
Donald Ray,24,24,0
Warren Peter,124,124,0
Daniel Joseph,23,23,0
Edward Christopher,122,122,0
Thomas Benedict,25,25,0
Daniel Paul,25,25,0
Thomas Lee,24,24,0
Michael Eugene,26,26,0
Ernest Thompson,128,128,0
Francis Bernard,27,27,0
George Melvin,124,124,0
James Darron,32,32,0
Leslie Warren,122,122,0
Plateau Preston Rex,125,125,0
John Patrick,123,123,0
Chester Rogers,134,134,0
Jonathan Thomas,27,27,0
John Charles,25,25,0
Edward,28,28,0
William Wendell,121,121,0
George McCarty,124,124,0
Carlos Lamonte,25,25,0
Terry Lee,21,21,0
Rickey Nelson,25,25,0
Callix Sadeaq,25,25,0
James Roy,122,122,0
George Elmer,125,125,0
William Claude,22,22,0
Martin Albert,120,120,0
Charles Rhubin,126,126,0
Christian Anthony,25,25,0
Cristobal,23,23,0
William J.,18,18,0
Richard Charles,26,26,0
Loyd Albert,23,23,0
Lawrence Robert,26,26,0
Robert Clinton,22,22,0
Harry Leroy,129,129,0
Michael Lynn,26,26,0
Jorge,129,129,0
Alvin Enrique,25,25,0
William,28,28,0
Stewart Bryan,25,25,0
Christopher Michael,28,28,0
Victor Alexander,24,24,0
James Harry,30,30,0
Tyler James,24,24,0
Terry Lee,-49,-49,0
Orlin Edward,124,124,0
David Lamar,127,127,0
George Woodworth,27,27,0
Herbert Edward,125,125,0
Joseph Stanley,123,123,0
George Leslie,129,129,0
Alvah Jackson,125,125,0
James,132,132,0
Atlee Alan,34,34,0
Hyman,24,24,0
Ivanon Angelino,23,23,0
Anthony Michael,25,25,0
Cadwallader,128,128,0
Charles Edward,27,27,0
Curtis Hancock,125,125,0
David Lee,27,27,0
John W.,29,29,0
Walter Lee,22,22,0
Christopher Hale,25,25,0
Robert Baxter,128,128,0
Frederick Garwood,23,23,0
Gowell Sylvester,126,126,0
Alexander,22,22,0
Albert Stanley,122,122,0
William Winfield,22,22,0
Zachary Higgins,30,30,0
Joseph Christopher,127,127,0
Danny Bruce,27,27,0
Frederick C.,128,128,0
Thomas Knox,120,120,0
William Johnston,19,19,0
Bobby Dean,29,29,0
William Perry,128,128,0
Stanley Gene,24,24,0
Roy Elliott,128,128,0
Vibert Ernesto,27,27,0
William Otis,130,130,0
Harry,120,120,0
Matthew Terry,28,28,0
Alan Thomas,125,125,0
James,121,121,0
James Edward,24,24,0
Darren Lawrence,26,26,0
George Myron,122,122,0
Harvey Daniel,123,123,0
Glen Ester,26,26,0
Richard Grey,132,132,0
Harry Corson,28,28,0
Alfred Robert,129,129,0
James Buster,37,37,0
John Carroll,132,132,0
Douglas Cody,32,32,0
David Matthew,123,123,0
Albert Harrison,123,123,0
William Edward,126,126,0
Eucal,124,124,0
Richard Keith,28,28,0
Douglas William,22,22,0
Luis Manuel,126,126,0
Ramon Alfredo,25,25,0
Simon,25,25,0
Paul Henry,126,126,0
John Francis,131,131,0
John Leckie,21,21,0
Eli Eldo,131,131,0
Troy Patrick,27,27,0
Hardin Abner,123,123,0
John Joseph,129,129,0
Andres,26,26,0
John Joseph,119,119,0
James Vincent,124,124,0
Donald Hardy,23,23,0
Rusney,27,27,0
Anthony,21,21,0
Juan Francisco,24,24,0
Lendy Enrique,23,23,0
Edward Hugo,120,120,0
Oliver Perry,51,51,0
Garin,23,23,0
Jose Isabel,25,25,0
Henry,76,76,0
Ray Charles,24,24,0
Andrew Gregory,24,24,0
Michael Christopher,32,32,0
R. Juan,27,27,0
Edwin Volney,128,128,0
Edward Oliver,130,130,0
Albert Benjamin,2,2,0
William Christopher,122,122,0
William Vincent,123,123,0
Richard Jerome,125,125,0
James Nathaniel,28,28,0
Joseph Jeremiah,124,124,0
Johnnie Monroe,126,126,0
Samuel Beresford,22,22,0
Dino Joseph,123,123,0
Travis Cole,22,22,0
Mitchell,128,128,0
Silvio Antonio,24,24,0
Harry Stephen Patrick,125,125,0
Jason Lee,31,31,0
Harry Gordon,131,131,0
David Baird,21,21,0
James Martin,20,20,0
Franklin Scott,31,31,0
Oscar McKinley,4,4,0
Anthony Francisco,27,27,0
Angel Aristides,24,24,0
Frank Lane,22,22,0
Nestor Isaias,20,20,0
Glenn Justice,128,128,0
Jaye Lawrence,25,25,0
John Joseph,125,125,0
Travis Adrian,25,25,0
Thomas Raymond,25,25,0
Donald Leon,22,22,0
Bruce Ray,23,23,0
Clay C.,26,26,0
William,122,122,0
Harry,122,122,0
Timothy Arthur,26,26,0
Walter John,127,127,0
Hiram Lincoln,27,27,0
Leonard,24,24,0
Nestor George,-22,-22,0
Lawrence Thomas,27,27,0
Mark Thomas,26,26,0
Darryl Richard,26,26,0
Thaddeus Walter,132,132,0
Albert Joseph,121,121,0
Frank Thomas,26,26,0
Louis Alexander,121,121,0
Frank Dominick,20,20,0
George Joseph,127,127,0
Anthony Paul,25,25,0
John William,125,125,0
Joselito,27,27,0
Joseph D.,39,39,0
Conrad Seth,21,21,0
Patrick Nicholas,126,126,0
Adrian,25,25,0
John Bruton,125,125,0
Barbaro Rafael,30,30,0
William Emisael,22,22,0
Hugh Edward,121,121,0
James Robert,27,27,0
James Marcus,24,24,0
John Millard,126,126,0
Joseph Earl,23,23,0
Michael,23,23,0
Leonel Enrique,27,27,0
Cardell,25,25,0
William Holton,28,28,0
Howard Lee,124,124,0
Eric Singleton,27,27,0
Marc Thaddeus,123,123,0
Richard Brett,25,25,0
Alexander Sebastian,127,127,0
Napoleon,28,28,0
John Stanley,122,122,0
Frederick Dennis,22,22,0
Eric Wade,25,25,0
Raymond James,124,124,0
Wese LeRoy,125,125,0
John William,24,24,0
James Timothy,121,121,0
Edward Joseph,27,27,0
Benjamin Franklin,26,26,0
William Davitte,123,123,0
John Charles,123,123,0
Charles William,124,124,0
Cameron,28,28,0
George Theodore,124,124,0
Lewis Smith,129,129,0
Cesar,25,25,0
Amalio Rafael,27,27,0
Charles Sydney,32,32,0
Paul Calvin,122,122,0
Lewis Emmett,130,130,0
Paul Stephan,25,25,0
Edwin M.,27,27,0
Frederick E.,31,31,0
James Arthur,123,123,0
Leon Alton,125,125,0
Albin Oscar,125,125,0
Walter,127,127,0
Lewis Adolph,42,42,0
William John,130,130,0
Chester Keller,121,121,0
George Wartman,24,24,0
Hiram Cleo,125,125,0
Albert James,128,128,0
Scott Alexander,30,30,0
Richard Thomas,125,125,0
Dorsey Lee,128,128,0
Ralph Arthur,125,125,0
Edgar Fleischer,122,122,0
Alexander Joy,80,80,0
Solomon Mobley,123,123,0
Conrad Powell,129,129,0
Larry Gene,27,27,0
Frank Willis,34,34,0
John Howard,122,122,0
Jeffrey Allen,27,27,0
Edward T.,24,24,0
Jack Dempsey,130,130,0
Carlos Rafael,24,24,0
Craig Douglas,24,24,0
Orrin Robinson,23,23,0
Scott Russell,124,124,0
Curtis Michael,26,26,0
Wesley Wade,25,25,0
Wilborn Everett,122,122,0
Jeffery Todd,27,27,0
Pelham Ashby,134,134,0
Mark Alan,22,22,0
Jeffery D.,29,29,0
Anthony Fred,25,25,0
Harold Earl,124,124,0
Frank Carter,54,54,0
Brandon,26,26,0
Travis Steven,27,27,0
Donald Odell,123,123,0
James Patrick,25,25,0
Brian Stuart,27,27,0
Alfred L.,32,32,0
Andrew Jon,27,27,0
Robert Rudolph,31,31,0
Scott,25,25,0
Mitchell Francis,128,128,0
Thomas Henry,29,29,0
Trace Lee,120,120,0
Neal Vernon,123,123,0
Henry Clay,133,133,0
Jeffrey Allen,25,25,0
Frank DeWitt,25,25,0
Orson F.,127,127,0
Jesse Ormond,123,123,0
Jesse,124,124,0
Earnest Gould,130,130,0
David Glenn,26,26,0
Charles,123,123,0
Charles Arthur,28,28,0
David Lee,19,19,0
Albert Jones,132,132,0
Jeffrey Scot,26,26,0
Herbert Loren,123,123,0
Hubert Edgar,127,127,0
Charles William,120,120,0
Delbert Oakley,30,30,0
Charles Richard,24,24,0
John William,21,21,0
Aaron,25,25,0
Kevin Wade,23,23,0
Chris M.,25,25,0
Richard William,133,133,0
William Capers,120,120,0
Charles Franklin,25,25,0
Philip Joseph,27,27,0
Christopher Joseph,29,29,0
Walter Franklin,127,127,0
Harry Lamb,130,130,0
David Robert,128,128,0
Boyd Owen,123,123,0
Henry Irving,124,124,0
Anthony Joseph,20,20,0
Richard Donovan,29,29,0
Hardin,121,121,0
Thomas Arthur,125,125,0
Robert Edward,120,120,0
James Richard,24,24,0
John Francis,122,122,0
Junie Shoaf,123,123,0
John Francis,126,126,0
Samuel Thomas,122,122,0
Matthew D.,24,24,0
Albert Joseph,-15,-15,0
Richard Frank,27,27,0
Sean Reed,27,27,0
Brian Edward,23,23,0
William Horace,26,26,0
Robert Avery,122,122,0
Bruce Raymond,24,24,0
Christopher Edward,27,27,0
Edgar Vernon,120,120,0
Tucker Jackson,23,23,0
Daniel Edward,24,24,0
Richard Anthony,28,28,0
Robert Alexander,127,127,0
Aaron James,26,26,0
Edward Grant,32,32,0
Franklin Lee,27,27,0
Frank John,124,124,0
David Irenus,129,129,0
Jose Manuel,25,25,0
Timothy Wayne,27,27,0
Jeffrey James,27,27,0
Clarence Edward,120,120,0
Dustin Michael,26,26,0
Alfred Henry,127,127,0
Christian Stanford,26,26,0
Robert Leon,119,119,0
William Jose,22,22,0
Frank Pierce,31,31,0
Joseph Rosenblum,123,123,0
Isaac B.,28,28,0
David Hans,19,19,0
Henry Omer,124,124,0
Allen Wilbert,129,129,0
William Joseph,23,23,0
Clytus George,22,22,0
Stanley W.,121,121,0
Sidney Wright,128,128,0
Michael John,26,26,0
John Hutchins,25,25,0
Ralph Albert,122,122,0
Jack,126,126,0
Vincent Michael,26,26,0
Omar,29,29,0
Engel Manuel,24,24,0
Arthur Melville,21,21,0
Joseph Anthony,130,130,0
Timothy William,26,26,0
Ira Allison,23,23,0
Michael John,25,25,0
James Thomas,-3,-3,0
Frank Gustav,23,23,0
James Milton,126,126,0
Christopher Sean,22,22,0
William McKinley,124,124,0
Lawrence,19,19,0
George Burnett,121,121,0
Dimitrios Speros,31,31,0
George W.,20,20,0
Louis Walter,120,120,0
Harry Edward,128,128,0
John Edward,22,22,0
Alexander Roger,20,20,0
Ernest Joseph,28,28,0
John Morris,131,131,0
Harry Owen,125,125,0
Joseph William,128,128,0
Ralph William,25,25,0
Kevin Gerard,25,25,0
Christopher Charles,29,29,0
Lewis Paige,29,29,0
Martin Henry,122,122,0
Richard Henry,25,25,0
Timothy Lamar,23,23,0
Ernest George Bernard,124,124,0
Steven Scott,23,23,0
Desmond Aloysius,121,121,0
Clarence Scott,130,130,0
Melvin Brian,23,23,0
Eugene T.,25,25,0
James Lawrence,122,122,0
Kevin Donnell,23,23,0
Cameron Rock,23,23,0
William Eugene,129,129,0
Dallas James,25,25,0
Joseph Sam,123,123,0
Robert Burnette,124,124,0
David Lee,26,26,0
Richard Leroy,127,127,0
Harold Douglas,26,26,0
Manuel Elias,-69,-69,0
Marion Danne,-13,-13,0
Austin David,28,28,0
James Audrey,124,124,0
Cristhian Pascual,23,23,0
Adam Joseph,26,26,0
George Allen,124,124,0
Johnny Ray,23,23,0
Joseph Lawrence,129,129,0
Jose Dariel,27,27,0
Juan de Dios,26,26,0
William Edward,23,23,0
Francis Patterson,21,21,0
Ody Cleon,122,122,0
Leander Franklin,28,28,0
John W.,21,21,0
John Harry,21,21,0
Steven Thomas,26,26,0
Richard Earl,122,122,0
Lane Weston,25,25,0
Robert Melvin,25,25,0
Joseph Edward,125,125,0
Charles Dwight,125,125,0
Reuben Alexander,127,127,0
Ryan Scott,24,24,0
Jesus Alexander,24,24,0
Patrick Howard,26,26,0
Nicholas Mark,24,24,0
Joseph Peter,25,25,0
Andrew,28,28,0
Francis Burt,28,28,0
Frederick Joseph,128,128,0
Albert Earl,125,125,0
Gibson Alberto,28,28,0
George Wilson,122,122,0
John Leckie,23,23,0
Aaron Samuel,23,23,0
Ernest Matthias,126,126,0
Walter Emmons,125,125,0
Garvin James,25,25,0
Edwin,27,27,0
Dana Eric,25,25,0
Roy Emilio,23,23,0
Clemente Rafael,32,32,0
Dario Rafael,25,25,0
Jesse Hall,25,25,0
Ronald Frederick,29,29,0
Fletcher Manson,124,124,0
William,22,22,0
Robert George,23,23,0
Gair Roosevelt,23,23,0
Dustin R.,28,28,0
John Marshall,124,124,0
Frank Erwin,26,26,0
Hezekiah,21,21,0
Horace Tanner,120,120,0
Cyrus Alban,24,24,0
James Bradley,25,25,0
Arismendy,23,23,0
Harold John,126,126,0
John Forbes,129,129,0
Hugh,120,120,0
Jason,27,27,0
William Henry,26,26,0
Robert,125,125,0
Robert Earl,123,123,0
Luis A.,25,25,0
Justin Scott,28,28,0
Charles Morgan Herbert,26,26,0
Thomas William,129,129,0
Randall Carl,24,24,0
James Marion,124,124,0
Rudolph,21,21,0
Barbaro Erisbel,24,24,0
Leycester Doyle,127,127,0
Albert,24,24,0
Derek Alfred,26,26,0
Harry Herbert,122,122,0
Hubert Burley,123,123,0
Pedro Alberys,26,26,0
Ednel Javier,22,22,0
Benito,24,24,0
Arthur Herman,118,118,0
Grover Cleveland,125,125,0
Harry Lewis,130,130,0
James Hopkins,25,25,0
Edgar Suter,122,122,0
Joseph Allen,25,25,0
Charles Percy,120,120,0
Mack Neal,22,22,0
Richard John,28,28,0
Xavier Tyrone,22,22,0
William Oscar,128,128,0
James Epherium,30,30,0
Drew Thomas,25,25,0
Edward John,127,127,0
Harold,128,128,0
Steven C.,25,25,0
William Edward,130,130,0
Robert Chase,27,27,0
Walter,122,122,0
Michael James,27,27,0
Wingo Charlie,124,124,0
George Lee,25,25,0
James Pratt,25,25,0
John Edward,32,32,0
John Richard,24,24,0
Kim Darrell,22,22,0
Elbert DeVore,124,124,0
Ernest Henry,128,128,0
Stephen Michael,28,28,0
Clayton John,22,22,0
Daniel Miers,20,20,0
Rinaldo Joseph,128,128,0
Marcos Rafael,24,24,0
Rodolfo,28,28,0
Russell Loris,132,132,0
Scott Gentry,26,26,0
Orie Edgar,134,134,0
Larry Wayne,26,26,0
Willis S.,21,21,0
Harry Gregory,124,124,0
Orville Martin,126,126,0
William Reginald,31,31,0
Noble George,122,122,0
Howard Elmer,122,122,0
Dean William,28,28,0
William Perley,27,27,0
Joseph,128,128,0
William James,26,26,0
Matthew Ryan,26,26,0
Thomas Samuel,125,125,0
William Wiman,27,27,0
Frederick Romaine,125,125,0
Matthew Antonio,23,23,0
Angel Valdes,126,126,0
Daniel Denison,22,22,0
Terry Paul,-56,-56,0
Hugo Francis,17,17,0
Randor,24,24,0
Brett Aaron,24,24,0
Elliot Allardice,132,132,0
James Melvin,125,125,0
Charles Orval,126,126,0
Ivan Edward,125,125,0
George William,26,26,0
Lloyd Clifton,124,124,0
Michael David,25,25,0
Frank H.,28,28,0
William Henry,121,121,0
George Anton,27,27,0
John William,125,125,0
Robert Benjamin,22,22,0
Stephen Alexander,122,122,0
Frank Zephrin,23,23,0
George Raymond,21,21,0
James Edward,131,131,0
William Lamar,22,22,0
James Charles,19,19,0
Jeffrey Allen,24,24,0
James William,20,20,0
Franklin Lyle,122,122,0
Frederick Cyril,25,25,0
Roman Mathias,127,127,0
Jason Robert,29,29,0
Clarence Benjamin,124,124,0
Louis Eugene,120,120,0
Markus Lynn,22,22,0
Thomas Anthony,23,23,0
Henry Arcado,127,127,0
Joseph Carl,127,127,0
Walter Jacob,125,125,0
Carlos,26,26,0
Victor Hugo,24,24,0
Dennis Martin,125,125,0
Charles Joseph,24,24,0
Joseph Howard,130,130,0
Harry Thomas,131,131,0
Henry Washburn,27,27,0
Thomas Haney,29,29,0
John Renzie,120,120,0
Terry Wayne,27,27,0
Lawrence Hyer,127,127,0
John Kelly,21,21,0
Warren Frederick,22,22,0
Raymond Joseph,124,124,0
Frederick Stanley,23,23,0
Brett,27,27,0
Michael Robert,24,24,0
Robert Lawrence,125,125,0
Raymond,23,23,0
Isaiah,23,23,0
Frank Eugene,26,26,0
Benjamin Earl,25,25,0
Bird Wayne,131,131,0
John Leonard,122,122,0
Harvey Fred,124,124,0
James Andrew,24,24,0
Frank Ignatz,117,117,0
Frederick August,20,20,0
Gary Nelson,28,28,0
Howard Carleton,22,22,0
Tony Hemiphere,24,24,0
Nathan Garrett,29,29,0
John Falconor,121,121,0
George W.,26,26,0
George Franklin,125,125,0
Henry Peter,27,27,0
James Nathaniel,126,126,0
Rae Bertrum,130,130,0
William Ellsworth,25,25,0
Louis Nathan,132,132,0
Lincoln Howard,122,122,0
Seabron Jesse,129,129,0
George Morris,20,20,0
William John,121,121,0
Adlai Wendell,126,126,0
Lisalverto,24,24,0
Joseph Peter,21,21,0
Michael P.,26,26,0
Cecil Glenford,124,124,0
Henry Tate,124,124,0
George Drummond,127,127,0
Joseph,126,126,0
Carl Theodore,28,28,0
John,-48,-48,0
Charles Dickens,120,120,0
William Horace,126,126,0
Paul Stanley,27,27,0
Frank Bernard,24,24,0
William Clarke,22,22,0
Jeffrey Alan,25,25,0
Melvin Edward,131,131,0
John Charles,129,129,0
Andrew Cottrell,22,22,0
Henry Landers,120,120,0
Robert Allen,27,27,0
Alexander Francis,133,133,0
Medric Charles Francis,128,128,0
Steven James,24,24,0
Christopher,26,26,0
Justin James,26,26,0
David Timon,123,123,0
Emmons Joseph,122,122,0
Sutherland McCoy,25,25,0
Benjamin James,124,124,0
Michael Craig,24,24,0
Ryan David,26,26,0
Joseph Warwick,126,126,0
Norman Cobb,22,22,0
John Paul,25,25,0
Clarence Wilbur,128,128,0
Edgar Dudley,130,130,0
Roy,26,26,0
William Aloysius,123,123,0
Richard Realf,122,122,0
Alfred,123,123,0
Arthur Washington,126,126,0
Harvey Alfred,23,23,0
Brian Phelan,27,27,0
Clifford Francis,123,123,0
Stephen Douglas,26,26,0
James Joseph,20,20,0
Dallas Carl,122,122,0
George Thomas,28,28,0
Joseph Siah,132,132,0
Ryan J.,23,23,0
John Thomas,123,123,0
George Washington,132,132,0
Edward J.,22,22,0
John Bellew,123,123,0
James John,122,122,0
Marshall Wayne,25,25,0
George H.,21,21,0
Henry Victor,128,128,0
Albert Joseph,28,28,0
Steven Bert,27,27,0
Donald Eugene,30,30,0
William D.,35,35,0
John James,120,120,0
John Givler,124,124,0
Andrew Warren,26,26,0
Lois Weldon,27,27,0
James R.,29,29,0
Emmett Jerome,124,124,0
Grover Bill,127,127,0
Brent Raymond,25,25,0
Shane Patrick,26,26,0
William G.,24,24,0
Elmari Wilhelm,123,123,0
James Harvey,129,129,0
Travis Charlton,24,24,0
Frank Jay,25,25,0
Gary Lee,23,23,0
Mark Joseph,30,30,0
Charles John,124,124,0
Jay Cook,25,25,0
Jesse Robert,126,126,0
John Edward,20,20,0
Kevin John,25,25,0
Jaime Lee,27,27,0
Harold Frederick,127,127,0
David Andrew,25,25,0
Jake T.,25,25,0
James Forrest,129,129,0
Ryan J.,27,27,0
Albert C.,39,39,0
Thomas Ray,27,27,0
Gary Scott,29,29,0
Frederick Bristol,19,19,0
Cyril Owen,127,127,0
Morgan Gardner,63,63,0
George Donald,26,26,0
Joshua,30,30,0
Nelson Edward,34,34,0
Dylan Matthew,20,20,0
Malton Joseph,125,125,0
John Patrick,125,125,0
Larry Wayne,23,23,0
Joseph Peter,128,128,0
Hiram Alexis,26,26,0
Chauncey DePew,123,123,0
Patrick Edward,123,123,0
John Jeirus,128,128,0
Joseph Francis,124,124,0
James Joseph,125,125,0
Charles Brittingham,123,123,0
George Walter,40,40,0
William John,25,25,0
Nicholas Gregory,27,27,0
Joseph Henry,124,124,0
Michael Thomas,28,28,0
Christopher Shaun,26,26,0
Adam Christopher,25,25,0
Charles Thomas,127,127,0
Daniel John,28,28,0
Timothy Edward,23,23,0
Frank Dean,35,35,0
Isaac Burr,129,129,0
Donald Lee,19,19,0
Harry J.,24,24,0
Alva Burton,20,20,0
George Harvie,124,124,0
Alexander Thomson,121,121,0
Gerald Wilford,122,122,0
James Joseph,126,126,0
James William,127,127,0
Christopher Andy,26,26,0
Jeffrey Alan,21,21,0
James Edward,25,25,0
Willis Everett,120,120,0
Ormond Hook,46,46,0
Joshua James,25,25,0
Frank,21,21,0
Joseph John,126,126,0
Thomas,126,126,0
Craig Thomas,23,23,0
Edgar Fidel,31,31,0
Benjamin Thomas,127,127,0
Edwar Alfonso,25,25,0
Alfredo A.,132,132,0
Alexander Alberto,29,29,0
Jeremy Scott,27,27,0
Jamie Monroe,27,27,0
Jerald Ray,27,27,0
Gary Allen,26,26,0
John J.,21,21,0
Joseph Henry,127,127,0
Jophery Clifford,23,23,0
Leon,28,28,0
John Lindsay,126,126,0
Frank,128,128,0
Freeman,55,55,0
Curtis,28,28,0
Daren Dwayne,-67,-67,0
Delos Hight,122,122,0
Alton Leo,26,26,0
Gary Barret,28,28,0
William Verna,119,119,0
Brooks Steven,29,29,0
Calvin Duane,22,22,0
Charles Edward,26,26,0
Walter Irving,132,132,0
Willard Jessie,132,132,0
Thomas William,23,23,0
Thomas Dale,29,29,0
Louis R.,127,127,0
Andrew,123,123,0
Raymond C.,-8,-8,0
Scott Edward,25,25,0
Prentice Almont,33,33,0
Paul Percival,120,120,0
Myrl Lincoln,128,128,0
Robert,132,132,0
Justin Thomas,25,25,0
Arlo Adolph,26,26,0
George F.,28,28,0
Derek Roszell,28,28,0
Edward T.,127,127,0
Duff Lechaun,24,24,0
Michael Edwin,27,27,0
Clifford Michael,27,27,0
Earle Francis,123,123,0
Frederick John,23,23,0
Gregory Scott,26,26,0
Tyson Colby,28,28,0
Bryce Everett,26,26,0
James Leroy,24,24,0
Delbert Henry,125,125,0
William Robertson,122,122,0
Olaf Selmar,124,124,0
Alonzo,26,26,0
Michael Quinn,27,27,0
Charles Robert,25,25,0
George Vincent,119,119,0
Ralph Harold,27,27,0
Alan Healey,24,24,0
Anthony Bruce,27,27,0
Francis Hasbrouck,20,20,0
James David,-33,-33,0
George Gates,29,29,0
Stephen Gilbert,122,122,0
August Schuster,128,128,0
William Hutchinson,129,129,0
Leon Clarence,26,26,0
Tarrik Jumaan,27,27,0
Brian Michael,25,25,0
Matthew Thomas,126,126,0
Sigmund Theodore,129,129,0
Louis Lester,131,131,0
Arthur Henry,124,124,0
Joseph John,33,33,0
Frederick H.,24,24,0
Edward Dwain,26,26,0
Aaron Lee,24,24,0
Kenneth Leroy,123,123,0
Charles Richard,130,130,0
Michael Timothy,25,25,0
Harry Glenville,126,126,0
Charles Herbert,123,123,0
Angel Rafael,25,25,0
Dilson Dario,25,25,0
Eider Lenina,25,25,0
Ruperto,21,21,0
Chester Leroy,123,123,0
Walter Anthony,129,129,0
Frederick Orlando,123,123,0
John Howard,26,26,0
Aloysius Joseph,120,120,0
William Louis,126,126,0
Sean Patrick,26,26,0
Carlos,-53,-53,0
Rene Michael,25,25,0
Cristobal,7,7,0
Jay King,126,126,0
David Michael,-51,-51,0
Thomas Lynn,-48,-48,0
Frank Adam,122,122,0
Blake M.,26,26,0
Harry Roy,121,121,0
Edgar Raymond,123,123,0
Stephen Joseph,125,125,0
Brian Lee,23,23,0
James,24,24,0
Carlos,23,23,0
Edward J.,24,24,0
John,27,27,0
Robert Gustave,124,124,0
Quincy Thomas,40,40,0
Nicholas Paul,24,24,0
Harold Arthur,22,22,0
Gregory Alan,31,31,0
George Alex,26,26,0
George Franklin,29,29,0
William F.,26,26,0
Johnnie Joseph,133,133,0
John Martin,126,126,0
John Patrick,124,124,0
Mason Reed,24,24,0
Marion Brooks,125,125,0
William Harrel,130,130,0
Jose,30,30,0
George Clarence,118,118,0
Andrew John,132,132,0
Gary Dale,21,21,0
Daniel Slaughter,125,125,0
Clay W.,25,25,0
John Lawrence,122,122,0
Verle Matthew,25,25,0
Raymond Frank,123,123,0
John Thomas,-13,-13,0
Frank E.,125,125,0
Fuller Weidner,122,122,0
Derek Ryan,24,24,0
Andrew M.,54,54,0
Andrew John,25,25,0
Bobby LaRue,25,25,0
William Walter,124,124,0
John Dudley,123,123,0
Jason Michael,25,25,0
Harold,130,130,0
Homer Thomas,121,121,0
Robert Joseph,20,20,0
Otis Benjamin,28,28,0
Will McLain,22,22,0
Taylor F.,27,27,0
Thomas Carl,123,123,0
Carl William,131,131,0
Frederick William,18,18,0
Edward Eugene,134,134,0
Yohanny,24,24,0
Hector Jose,25,25,0
John Silas,123,123,0
Jay Lowell,23,23,0
Andrew William,23,23,0
Glen Gann,22,22,0
Lawrence Delano,122,122,0
Kennys,24,24,0
Roberto Enrique,26,26,0
Rafael,21,21,0
Moses Calhoun,122,122,0
Anthony Russell,25,25,0
DeWayne Mathew,29,29,0
Clarence LeRoy,123,123,0
Christian Rafael,24,24,0
Henry,23,23,0
Eduardo Enrique,25,25,0
Elih Christopher,25,25,0
James Jordan,25,25,0
Albert Alfred,123,123,0
Frank Michael,27,27,0
Ryan Louis,25,25,0
John James,122,122,0
Drew Edward,24,24,0
Glenn Edward,19,19,0
Alvis Lindel,126,126,0
Carlos,25,25,0
Allen Francis,122,122,0
Louis Edward,123,123,0
William Louis,-14,-14,0
Vincent,128,128,0
Theodore Holhot,128,128,0
Robert Edward,-38,-38,0
Thomas Lovatt,125,125,0
Howard Earle,122,122,0
Jeffrey Dean,23,23,0
Elmer Strange,124,124,0
Jeremiah,32,32,0
Edward Lawrence,126,126,0
Eugene Joseph,126,126,0
Lucas Newton,124,124,0
Samuel Johnathan,22,22,0
Matthew David,29,29,0
Kenneth Charles,24,24,0
Michael Edward,128,128,0
Scott Matthew,28,28,0
Frederick Theodore,26,26,0
Bernard Bartholomew,124,124,0
Maurice William,128,128,0
Charles Karel,122,122,0
Edwin Parker,124,124,0
James Frederick,132,132,0
Frederick Franklin,123,123,0
James Emerson,126,126,0
Cecil Washington,130,130,0
Oscar Wayne,26,26,0
Earl Carlton,124,124,0
David Burton,25,25,0
George Henry,126,126,0
R T,27,27,0
William Ray,25,25,0
Henry Alexander,26,26,0
Ernest Lewis,136,136,0
Onesime Eugene,25,25,0
Harry Henry,119,119,0
Robert Garfield,127,127,0
Rene,28,28,0
Rogelio Lazaro,124,124,0
Benjamin Beltran,25,25,0
John Gill,28,28,0
Carlos Alberto,26,26,0
Cesar Miguel,25,25,0
Rafael Emilio,23,23,0
Fred James,133,133,0
Joseph Patrick,121,121,0
Charles Leonard,22,22,0
James Thomas,127,127,0
Joseph R.,27,27,0
John Gabriel,124,124,0
Michael John,50,50,0
Thomas Joseph,121,121,0
Walter William,123,123,0
James Bernard,122,122,0
John William,40,40,0
Richard Carter,25,25,0
Wei-Chung,22,22,0
Clarence Curtis,124,124,0
Anthony Bruce,27,27,0
Frederick Renshaw,126,126,0
Donald Allen,27,27,0
Harry Clinton,130,130,0
Clarence Eugene,125,125,0
James Leo,124,124,0
Norman Edward,127,127,0
John Francis,126,126,0
Cornelius Robert,125,125,0
David Peter,30,30,0
Austin Edward,123,123,0
Thomas Gentry,127,127,0
Lincoln William,126,126,0
George Edward,127,127,0
Gregory James,23,23,0
Steven Craig,24,24,0
Dustin James,29,29,0
William Henry,26,26,0
Robert Cecil,21,21,0
David Roger,25,25,0
James Edward,125,125,0
Enrico Aliceno,30,30,0
William,123,123,0
John Andrew,123,123,0
James H. H.,21,21,0
John Joseph,23,23,0
Harold Charles,123,123,0
Edward Emory,123,123,0
Jonathan Edgar,22,22,0
Joseph Nichols,127,127,0
Colin Norval,25,25,0
Robert Colby,26,26,0
Albert,27,27,0
Ellwood Otto,25,25,0
Abraham Lincoln,128,128,0
Richard Frank,125,125,0
Paul Horine,129,129,0
Charles James,126,126,0
Tsuyoshi,33,33,0
Frank Orum,126,126,0
Jason Robert,28,28,0
Philip Vance,129,129,0
John Henry,121,121,0
Christian Frederick Wilhelm,49,49,0
Anthony John,21,21,0
Henry Bert,128,128,0
Alexander,26,26,0
Joseph John,22,22,0
Joshua Warren,23,23,0
Olen Edward,125,125,0
Ismael,24,24,0
David Kent,23,23,0
Kenneth Edward,27,27,0
Charles Anthony,22,22,0
Moses Fleetwood,28,28,0
Christian Dickson,23,23,0
Joseph Richard,125,125,0
Walter S.,24,24,0
Welday Wilberforce,24,24,0
James Huey,132,132,0
Michael Aaron,27,27,0
Martin Van Buren,129,129,0
Matthew William,24,24,0
Joseph Bernard,126,126,0
Wilbur Donald,28,28,0
William Sumner,23,23,0
Irving J.,129,129,0
Christopher Robert,27,27,0
Edwin Joseph,130,130,0
Albert Charles,125,125,0
Thomas Fred,122,122,0
George Frederick,23,23,0
William Barney,122,122,0
William Edward,21,21,0
Robert Arthur,128,128,0
Adel,133,133,0
Edward Perry,29,29,0
Edward Morris,25,25,0
Willard Elmer,22,22,0
Elder Lafayette,29,29,0
John Wallace,126,126,0
Frank Thomas,20,20,0
King Solomon,32,32,0
Stephen Vincent,128,128,0
David Sean,24,24,0
Chase Coleman,25,25,0
Myron Alan,21,21,0
Samuel Lambeth,126,126,0
George William,18,18,0
Andrew Steven,25,25,0
James Michael,24,24,0
Dwight Lyman Moody,126,126,0
James Patrick,25,25,0
Huyler,25,25,0
Oscar William,125,125,0
John Franklin,21,21,0
Matthew Robert O'Neil,26,26,0
Alfred John,124,124,0
Wesley Guy,26,26,0
Thomas Joseph,126,126,0
Jack Franklin,29,29,0
Zelous Lamar,27,27,0
James Francis,123,123,0
George Harrison,129,129,0
Stefan Matthew,24,24,0
William Carl,127,127,0
Jeffrey Barret,26,26,0
Charles Edward,133,133,0
Charles D.,119,119,0
Richard,120,120,0
Donald Wesley,127,127,0
Edward Leroy,124,124,0
Edward Raymond,130,130,0
Oliver Henry,127,127,0
Matthew Scott,27,27,0
Milton Edward,121,121,0
Michael Paul,26,26,0
Floyd John,122,122,0
John George,28,28,0
Stanley Aaron,128,128,0
Jared Linn,27,27,0
John Frederick,122,122,0
Willie James,-5,-5,0
Terry,27,27,0
Harry Monroe,128,128,0
Herbert,127,127,0
George,6,6,0
Joseph Harold,121,121,0
Elmer William,127,127,0
Charles Albert,129,129,0
Robert Clinton,121,121,0
Frank,126,126,0
Walter L.,22,22,0
Albert Bailey,121,121,0
Kenneth Albert,123,123,0
Frank Marion,129,129,0
Earl Sidney,-30,-30,0
John Thomas,122,122,0
Robert Michael,30,30,0
Harvey Lennox,31,31,0
Scott Allen,25,25,0
Stephen Douglas,26,26,0
Thomas Gray,27,27,0
Julius Neal,31,31,0
Cleon Earl,125,125,0
Charles P.,30,30,0
Joseph Edward,22,22,0
Neil Aaron,26,26,0
William Joseph,122,122,0
Willie Fred,130,130,0
Roger Edward,26,26,0
Mathias John,126,126,0
Barton Wallace,29,29,0
Lloyd Jeffrey,24,24,0
Clay Pflibson,25,25,0
Clinton Wayne,22,22,0
Lance Frederick,25,25,0
Jordan William,24,24,0
Roy Franklin,129,129,0
Robert George,27,27,0
William,24,24,0
William Frederick,128,128,0
Stephen Graeling,26,26,0
Jeffrey Lynn,24,24,0
Albert Myron,130,130,0
Elmer Henry,130,130,0
Russell Charles,129,129,0
Lawrence King,21,21,0
Walter Ernest,25,25,0
Herbert Macon,129,129,0
Carl Eugene,124,124,0
Joseph John,126,126,0
Mauro Edward,24,24,0
Jose Antonio,122,122,0
John Francis,124,124,0
Peter Jude,26,26,0
William Francis,126,126,0
Charles Tadao,29,29,0
Walter Noble,123,123,0
Frank Patrick,23,23,0
Charles Ernest,24,24,0
Harry Lester,25,25,0
Randall E.,26,26,0
Joseph,27,27,0
Henry Joseph,127,127,0
Andrew Robert,26,26,0
Edward Henry,121,121,0
Eric Lamoine,23,23,0
James Leslie,22,22,0
Silas Albert,128,128,0
Claude Edward,128,128,0
Fred Thomas,126,126,0
John,127,127,0
Scott Joseph,26,26,0
Charles John,120,120,0
Thomas John,21,21,0
Walter Elton,122,122,0
James Andrew,53,53,0
Nathaniel Howard,124,124,0
Jackson Thomas,28,28,0
John Brodie,125,125,0
David Keith,24,24,0
Joseph,15,15,0
Julius,25,25,0
Fred,132,132,0
Leon Theo,121,121,0
Lester Evans,139,139,0
Marshall McDiarmid,123,123,0
Mark Westley,24,24,0
Matt Taylor,29,29,0
Anthony Joseph,24,24,0
Arthur Franklin,125,125,0
William,37,37,0
Elisha Alphonso,21,21,0
David Owen,121,121,0
Dana Lamont,26,26,0
Dale Jerome,25,25,0
Donald Reid,28,28,0
Glenn David,28,28,0
Earl Baxter,125,125,0
George Edward,21,21,0
Edmund Armand,125,125,0
Bobby Brooks,-30,-30,0
Clarence John,125,125,0
Matthew Littleton,29,29,0
Archibald Edwin,120,120,0
Nicholas Joseph,22,22,0
Hugh Edward,124,124,0
Gomer Russell,123,123,0
Thomas G.,124,124,0
Ernest Judson,4,4,0
Lester Wilbur,126,126,0
Samuel Marshall,125,125,0
Michael LaDon,28,28,0
William Clarence,124,124,0
Samuel O'Neil,25,25,0
Jason David,24,24,0
Edward,124,124,0
Frederick Russell,127,127,0
Roy Edward,132,132,0
Walter Wood,132,132,0
William,122,122,0
Grady Herbert,126,126,0
Harry Clayton,22,22,0
George Peacock,122,122,0
John Nicodemus,123,123,0
Duane Lewis,24,24,0
James Garrett,123,123,0
Gary Steven,25,25,0
Gary Morris,25,25,0
Desi Bernard,27,27,0
Arthur Lee,31,31,0
Robert,33,33,0
Terry Wayne,24,24,0
Paul Richard,31,31,0
Rinaldo Louis,121,121,0
Davis Bowles,22,22,0
Raymond Wallace,26,26,0
Francis Michael,122,122,0
Ronald Herman,24,24,0
Shannon Bolt,26,26,0
David Alvin,23,23,0
Roy Ogden,121,121,0
Joseph,31,31,0
William Franklyn,126,126,0
Fred Wayland,24,24,0
Charles Spencer,123,123,0
George Anthony,127,127,0
Sidney Kirk,130,130,0
Darrell Lee,22,22,0
Abraham Lincoln,22,22,0
Walter Francis,121,121,0
Raymond Bernard,123,123,0
Charles Hunt,126,126,0
Edward Anthony,23,23,0
Harold,125,125,0
Ernest Adolf,123,123,0
Frederick Bamford,120,120,0
Henry Kilgariff,24,24,0
Harry Hallworth,125,125,0
Mark Anthony,27,27,0
Floyd Lewis,27,27,0
Herbert,25,25,0
James Joseph,25,25,0
Albert Edgar,121,121,0
Alfred Hector,58,58,0
Robert Cassius,124,124,0
Sebern Chase,24,24,0
Clarence Cofield,122,122,0
John Fulton,126,126,0
Walter Browne,23,23,0
Harold Austin,118,118,0
John B.,24,24,0
Peter Francis,25,25,0
Joseph Perry,124,124,0
Joe Frank,128,128,0
Nicholas Ephraim,60,60,0
Joseph B.,35,35,0
John Thomas,22,22,0
Harlan Edward,125,125,0
Henry Hugo,25,25,0
Herman John,125,125,0
George Joseph,123,123,0
Charles,122,122,0
Albert Clyde,122,122,0
Daniel Bracy,29,29,0
William Clyde,131,131,0
Tony Batton,132,132,0
William Suter,34,34,0
Joseph,19,19,0
Argelis Rafael,27,27,0
Thomas J.,25,25,0
Edwin Leonard,22,22,0
Charles Christian,29,29,0
Henry,24,24,0
William M.,135,135,0
William Avera,25,25,0
James Renwick,21,21,0
Frank C.,22,22,0
Frank James,120,120,0
Loral John,124,124,0
Waldo Ward,124,124,0
George Webb,126,126,0
Albert Arthur,26,26,0
Kirby Kali,27,27,0
Robert Watkins,126,126,0
Thomas Austin,-3,-3,0
Patrick W.,22,22,0
William Smith,27,27,0
Roy Earl,23,23,0
Ronald Wade,26,26,0
William Simmons,129,129,0
Ceylon,123,123,0
Willard James,125,125,0
James Thomas,28,28,0
Jesse Howard,136,136,0
Jacob,33,33,0
Lloyd Opal,125,125,0
Paul A.,23,23,0
Richard Frank,25,25,0
John,24,24,0
Kevin Alexander,26,26,0
Ernest William,136,136,0
John Edmund,21,21,0
Andrew James,26,26,0
Ryan,24,24,0
Willie Arthur,27,27,0
Robert Charles,122,122,0
Emil Arthur,126,126,0
Jean-Pierre,126,126,0
Norman Brooks,22,22,0
Clarence Henry,21,21,0
Benjamin Ramon,26,26,0
Charlie Leland,124,124,0
Donald Howard,27,27,0
Harland Stimson,120,120,0
David,130,130,0
Philip John,20,20,0
Virle Gene,26,26,0
Claude James,125,125,0
Edward Hill,29,29,0
Robert Burton,122,122,0
John Albert,25,25,0
George Sidney,126,126,0
Joseph Anthony,31,31,0
Francis James,123,123,0
Clifford David,26,26,0
Joseph Donald,23,23,0
Ernest Bertram,122,122,0
James Clay,119,119,0
Edward Bernard,124,124,0
Joseph Anthony,126,126,0
Charles Wilber,7,7,0
Orlin Woodrow,123,123,0
Emmett E.,23,23,0
Jay Lewis,126,126,0
Jason Douglas,26,26,0
James Randall,28,28,0
Lee Otis,125,125,0
Stanley Frank,125,125,0
Raymond Copeland,126,126,0
Nathan Mardis,23,23,0
William,28,28,0
Daniel,32,32,0
Miguel Elias,25,25,0
Davis Javier,23,23,0
Thomas Michael,29,29,0
Allen Isaiah,27,27,0
Michael Desport,27,27,0
James King,23,23,0
James Robert,29,29,0
Peter Edward,28,28,0
John William Joseph,121,121,0
Seth Daniel,26,26,0
Louis,119,119,0
Harry,122,122,0
Victor Manuel,24,24,0
Melvin Gregorio,24,24,0
Rodrigo,26,26,0
Santiago,26,26,0
Charles Alfred,124,124,0
Stefen Daniel,26,26,0
Enny Manuel,22,22,0
Bruce,23,23,0
Edward Marcus,24,24,0
Jorge Leonardo,26,26,0
Frank,130,130,0
Patrick Eugene,24,24,0
George Brinton McClellan,28,28,0
Aaron Jacob,22,22,0
Alex Anthony,23,23,0
Yolmer Carlos,22,22,0
Felix Antonio,22,22,0
Humberto A.,25,25,0
Dee Wilman,124,124,0
Reginald Jerome,25,25,0
John Frank,20,20,0
Samuel Earle,21,21,0
Joseph Jonas,125,125,0
Edward William,27,27,0
Augustus William,123,123,0
Angel Isaac,22,22,0
Roger Elliott,121,121,0
Bradley Keith,27,27,0
Frederick Link,122,122,0
William Ansil,126,126,0
Kyle,23,23,0
Michael Patrick,27,27,0
Milton,128,128,0
James Hollis,124,124,0
John William,27,27,0
Thomas,21,21,0
Eugene Rudolph,125,125,0
John Francis,124,124,0
Mark Edison,28,28,0
Casey Scott,24,24,0
Brian Walter,25,25,0
Raymond Lee,25,25,0
James Michael,23,23,0
Ryan Keith,27,27,0
Marino,27,27,0
Harry,26,26,0
Michael Eric,25,25,0
Christopher Andrew,23,23,0
Samuel B.,23,23,0
Marc Richard,26,26,0
Francis Field,25,25,0
Robert Doffell,23,23,0
Albert Charles,22,22,0
Russell Collier,121,121,0
Dennis James,21,21,0
Douglas Long,24,24,0
Chad Roque,25,25,0
Francisco Alejandro,29,29,0
D. Louis,11,11,0
Rafael,24,24,0
Bronson Kiheimahanaomauiakeo,24,24,0
Joseph Alexander,128,128,0
Luis Alexander,21,21,0
Pedro,25,25,0
Andres Confesor,22,22,0
Daniel Ernesto,24,24,0
Domingo Alberto,22,22,0
Amauri,32,32,0
Edwin Milby,-10,-10,0
Morris,25,25,0
Willard Newton,19,19,0
Erik Oliver,124,124,0
Donald Snyder,121,121,0
Patricio Athelstan,39,39,0
Frank Aloysius,119,119,0
Mortimer J.,29,29,0
Patrick J.,23,23,0
John Anthony,124,124,0
Frank John,126,126,0
Philip Andrew,20,20,0
John James,25,25,0
Robert Walden,-44,-44,0
Harold,120,120,0
Mark Philip,24,24,0
Harry Edward,28,28,0
Owen Franklin,130,130,0
Aaron Alvin Marcus,24,24,0
John Earl,125,125,0
Lewis,62,62,0
Shae Austin,24,24,0
Herbert Sylvester,121,121,0
Hosea John,124,124,0
Gregory Emmett,20,20,0
Clarence,124,124,0
Thomas Leo,26,26,0
Steven Edward,24,24,0
Charles Vedder,128,128,0
Edward,21,21,0
Joseph Douglas,25,25,0
David Wendell,17,17,0
David L.,119,119,0
Harry Clement,123,123,0
Robert Roe,25,25,0
Steven Michael,31,31,0
Brett Allen,26,26,0
Richard Francis,122,122,0
John White,23,23,0
John Edward,126,126,0
Jonathan Lee,23,23,0
Richard Ryan,33,33,0
Raymond Curtis,127,127,0
Ronald Lee,28,28,0
Frank Strickland,128,128,0
Anthony Warren,26,26,0
Vincent William,124,124,0
William Nathaniel,-56,-56,0
Chasen Dean,24,24,0
Walter,32,32,0
Daniel James,123,123,0
Luis Pascual,22,22,0
Ulises,21,21,0
Frederick Edwin,20,20,0
Seth DeWitt,19,19,0
Edward,23,23,0
Hubert Leneirre,125,125,0
Benjamin Davis,24,24,0
Andrew Kemper,127,127,0
Bert Robert,125,125,0
Lawrence William,-19,-19,0
Raymond Francis,127,127,0
Fred Peter,122,122,0
Neill Rawlins,127,127,0
Edward Creech,127,127,0
John Clinton,126,126,0
Vincent Thomas,125,125,0
Lester Daniel,124,124,0
Darrell Edward,27,27,0
Joel Powers,125,125,0
Zakary Sebastien,25,25,0
Stephen Earl,26,26,0
James Robert,125,125,0
Vincent William,124,124,0
William Joseph,37,37,0
Francis Leroy,124,124,0
Steven Brian,26,26,0
David Noel,26,26,0
Clair Lee,122,122,0
Jeffrey Thomas,25,25,0
William A.,45,45,0
Ralph Edward,122,122,0
James Henry,22,22,0
Harvey Tillman,24,24,0
Harry Root,123,123,0
Wilfred William,126,126,0
Warren Hilton,126,126,0
Joseph Aloysius,118,118,0
James Thomas,123,123,0
George Penfield,122,122,0
Ray Solomon,28,28,0
Thomas Aaron,30,30,0
Charles Joseph,127,127,0
Michael Joseph,20,20,0
John Edward,128,128,0
Gerald Joseph,124,124,0
John Michael Joseph,124,124,0
Royal N.,124,124,0
Henry Alrives,118,118,0
Frank Fred,130,130,0
Jeffrey Theodore,29,29,0
Henry Martin,130,130,0
Jeffrey Thomas,25,25,0
Stephen John,25,25,0
Frederich Christoph Herman,123,123,0
August C.,26,26,0
Jay D.,22,22,0
Brian Robert,30,30,0
Alan George,24,24,0
George Edward,28,28,0
Gustavus Heinrich,50,50,0
David Frederick,25,25,0
Curtis Allen,25,25,0
Robert Elmer,24,24,0
Joseph Maurice,124,124,0
Gerard Anthony,122,122,0
Frederick George,120,120,0
Gilbert Eugene,123,123,0
Jeffrey Charles,26,26,0
William Cordes,24,24,0
Frederick Paul,132,132,0
Harry Ernest,124,124,0
Elbert Isaiah,122,122,0
William Gibbons,124,124,0
Charles,131,131,0
Louis Martin,124,124,0
Louis Joseph,121,121,0
Maurice Francis,125,125,0
William Charles,120,120,0
Ralph Richard,122,122,0
Carl James,25,25,0
Wayne Allen,27,27,0
Rudolph Christian,125,125,0
Arthur Edwin,123,123,0
Harold Edward,123,123,0
William Michael,127,127,0
Michael Alan,28,28,0
Walter Frederick,120,120,0
Wilbert Carl,126,126,0
John H.,25,25,0
Charles J.,122,122,0
John Herman Frank,125,125,0
Herman Joseph,128,128,0
Patrick Bowen,29,29,0
Paul Edward,25,25,0
David Henry,129,129,0
Theodore Henry,25,25,0
Edward Walter,123,123,0
Gerald Thomas,21,21,0
Oliver,129,129,0
Frank Gibson,41,41,0
Todd Douglas,27,27,0
Kurt Elliott,24,24,0
Philip Matthew,25,25,0
Ricky Allen,20,20,0
Alex Eleazar,27,27,0
James,28,28,0
Wascar Radames,23,23,0
Stephen Leonard,27,27,0
Leyson,27,27,0
Emanuel Robert,21,21,0
Frank Joseph,23,23,0
Thomas William,19,19,0
Thomas Wesley,121,121,0
Elmer George,122,122,0
Adam Jason,27,27,0
Ralph Newton,120,120,0
Atahualpa O.,27,27,0
Edgar Merle,125,125,0
John Joseph,23,23,0
Theodore O'Hara,23,23,0
Shawn Patrick,25,25,0
Herman Neils,24,24,0
George Wilson,125,125,0
John William,127,127,0
Gerald Albert,24,24,0
Louis,123,123,0
Lynn J.,122,122,0
Richard Edward,27,27,0
Darryl Nelson,25,25,0
Amos Richard,118,118,0
Anthony Raymond,25,25,0
Xavier Ladel,27,27,0
LeGrant Edward,129,129,0
Marshall,130,130,0
Stephen Lanier,25,25,0
Robert Clifford,30,30,0
Cory Joseph,23,23,0
William Henry,26,26,0
Leonard,25,25,0
William Frederick,19,19,0
Clyde Aubra,125,125,0
Kenneth Mark,26,26,0
Steven Jeffrey,25,25,0
Henry,26,26,0
Henry,29,29,0
Hubert Thomas,27,27,0
Vernon Murray,126,126,0
Paul Bachman,127,127,0
George Nathan,123,123,0
Lloyd Benjamin,123,123,0
Chester Arthur,123,123,0
Fred Calvin,127,127,0
Harrison Leslie,47,47,0
George Gaylord,126,126,0
George Charles,23,23,0
Henry Alexander,125,125,0
John Henry,23,23,0
Kevin Bruce,24,24,0
Albert Wilfred,20,20,0
George Walborn,127,127,0
Jay Aaron,24,24,0
Edward Frederick,19,19,0
George Chelston,25,25,0
Robert Samuel,20,20,0
Charles William,126,126,0
Homer Franklin,127,127,0
James Russell,121,121,0
Karl Gustave,124,124,0
Andrea Ettore,124,124,0
Louis Roberts,24,24,0
Reuben Crandol,23,23,0
Robert Lloyd,27,27,0
Dernell Renauld,25,25,0
Jeffrey Alan,22,22,0
William F.,20,20,0
William Jennings,122,122,0
Irvin Michael,121,121,0
Justin Marion,127,127,0
James Harry,130,130,0
Eugene Gass,120,120,0
Randall Wayne,23,23,0
Robert Jordan,124,124,0
John M.,23,23,0
Joseph Lawrence,125,125,0
Frank,121,121,0
Asa,26,26,0
Andrew David,27,27,0
William Wayne,27,27,0
James Arthur,125,125,0
John,29,29,0
Norman Thomas,-1,-1,0
William Theodore,21,21,0
Kenneth Gregory,28,28,0
William Robert,124,124,0
Frederick Eugene,22,22,0
Joe Donald,28,28,0
Thomas Francis,122,122,0
John James,133,133,0
George Washington,125,125,0
Henry Edward,131,131,0
John Leonard,122,122,0
Thomas Patrick,130,130,0
George Henry,129,129,0
Conrad,126,126,0
Andrew Henry,18,18,0
William Dunn,27,27,0
Marcelino,28,28,0
Yangervis Alfredo,27,27,0
Alain,27,27,0
Jorge Carlos,22,22,0
Raymond Edwin,126,126,0
Mose Hirsch,123,123,0
Stephen Andrew,24,24,0
Miguel A.,26,26,0
William,123,123,0
Scott,24,24,0
James C. A.,25,25,0
Alfred Joseph,10,10,0
Abraham Conrad,25,25,0
George T.,34,34,0
Gene Walter,28,28,0
John William,131,131,0
Colonel Lester,124,124,0
Charles M.,25,25,0
Bernard Austin,122,122,0
Charles F.,17,17,0
Wyatt Eure,127,127,0
Amzie Beal,131,131,0
Charles Anthony,119,119,0
Scott Andrew,25,25,0
Frank Walter,24,24,0
Walter Henry,124,124,0
Steven Delton,24,24,0
Ryan Delbert,25,25,0
Clarence Melvin,123,123,0
Willie Everett,27,27,0
Henry Neitz,122,122,0
Frank John,127,127,0
Wilbur Floyd,123,123,0
Jacob M.,25,25,0
Clyde Hetrick,126,126,0
Rufus Frazier,122,122,0
Samuel J.,20,20,0
James Abner,25,25,0
Stephen Lydell,25,25,0
Paul Stoner,128,128,0
Lawrence Patrick,126,126,0
Nathaniel Beverly,27,27,0
Orlin Hudson,29,29,0
Marvin Harold,126,126,0
Richard Paul,123,123,0
Rex,25,25,0
Bruce Adams,130,130,0
Sterling Feore,23,23,0
Elbert,125,125,0
Foster Herbert,126,126,0
Philip Richard,122,122,0
Byron Atkins,126,126,0
John Henry,122,122,0
Roger Lee,26,26,0
Walter Jennings,132,132,0
Arthur W.,25,25,0
Matthew Leland,28,28,0
Kyle Trent,23,23,0
Mark Allan,29,29,0
Craig Lee,26,26,0
Charles Albert,125,125,0
George Henry,25,25,0
Arthur Laird,126,126,0
Joseph Paul,123,123,0
Alfred Kendricks,123,123,0
Carson Donald,25,25,0
Charles J.,31,31,0
John William,121,121,0
Randall Brian,28,28,0
Burch Taylor,23,23,0
Billy Lavern,27,27,0
Chad Dennis,25,25,0
Daryl Clinton,30,30,0
Richard Kelly,25,25,0
Douglass Weldon,120,120,0
Frederick,129,129,0
Albert Edward,23,23,0
Rhesa Edward,127,127,0
Earl Calvin,27,27,0
Ernest Henry,131,131,0
Frank L.,27,27,0
Elwood Hope,122,122,0
Milton,26,26,0
Edward Mayo,130,130,0
Mark Christopher,28,28,0
Armstrong Frederick,125,125,0
Lionel H.,31,31,0
Henry Joseph,127,127,0
Harrison Morton,123,123,0
Harvey Fetterhoff,25,25,0
James Lorne,28,28,0
Salvatore Joseph,120,120,0
John Marshall,125,125,0
Hilton Lee,-7,-7,0
Jacob John,124,124,0
John Joseph,119,119,0
Harry Gordon,127,127,0
George,-1,-1,0
William Andrew,126,126,0
Stanley Lawrence,27,27,0
Sherwin Merle,118,118,0
Vernon Monroe,123,123,0
Parke B.,24,24,0
Daniel J.,27,27,0
Charles Francis,124,124,0
Andrew John,24,24,0
Harvey Scott,127,127,0
Howard Alvin,127,127,0
Harry Richard,122,122,0
Richard Clifford,23,23,0
Stephen James,27,27,0
Peter John,130,130,0
Charles Inigo,123,123,0
Carl Ringdahl,120,120,0
Arthur,28,28,0
Thomas Augustin,127,127,0
Thomas Brandon,119,119,0
Gordon Vincent,19,19,0
Luis Abelardo,128,128,0
Richard Stanley,26,26,0
Charles Morris,123,123,0
Cornelius William,22,22,0
Eugenio Alejandro,23,23,0
George Irvin,21,21,0
George Washington,137,137,0
James Marcellin,131,131,0
Dean Donnell,122,122,0
John Peter Joseph,125,125,0
Paul Thomas,123,123,0
Michael Joseph,28,28,0
Patrick Joseph,46,46,0
John Jeremiah,125,125,0
Carl Mancel,126,126,0
Harry Andrew,121,121,0
Ernest Richard,126,126,0
Andrew Raymond,120,120,0
William,25,25,0
Clarence Herbert,125,125,0
Albert Frederick,24,24,0
Stephen Lewis,30,30,0
Luther Lane,129,129,0
Lawrence George,29,29,0
Charles Ernest,24,24,0
Mark Arthur,29,29,0
James Melvin,128,128,0
Floyd Marvin,123,123,0
Marcus Earl,23,23,0
DaRond Tyrone,25,25,0
Raymond Thomas,123,123,0
Christopher James,25,25,0
Harold Rudolph,23,23,0
Maxim Joseph,30,30,0
Richard Bernard,31,31,0
John Lawrence,130,130,0
Robert Edwin,22,22,0
William Goss,129,129,0
Hunter Drew,26,26,0
Asa Evans,28,28,0
Charles Richard,134,134,0
Eugene Daniel,25,25,0
John Andrew,125,125,0
Arthur Milton,129,129,0
James Wellington,26,26,0
William Arthur,122,122,0
John Vernon,125,125,0
Melvin Leon,27,27,0
Thomas Carl,29,29,0
Walter Nesbitt,122,122,0
Mark,124,124,0
Phillip Wayne,26,26,0
Carl Remus,129,129,0
Garret C.,22,22,0
Myreon Romel,27,27,0
Matthew Steven,24,24,0
Leo Thomas,122,122,0
Harry Warren,125,125,0
Harry Evans,22,22,0
Gary William,24,24,0
George J.,48,48,0
Graham Michael,25,25,0
Dwight Bernard,26,26,0
Edgar Ruben,126,126,0
Edward James,125,125,0
Andrew Raymond,26,26,0
Arlas Walter,125,125,0
Benjamin Harrison,123,123,0
Benjamin Harrison,12,12,0
Christopher Armand,24,24,0
C L,127,127,0
Robert Lee,26,26,0
Randall Lee,23,23,0
Stuart Douglas,27,27,0
LaSchelle,27,27,0
Hugh Henry,125,125,0
Walter Alvin,128,128,0
Oscar Francisco,22,22,0
Gregory Steven,26,26,0
Ken,40,40,0
John Gallatin,123,123,0
Leroy Everett,123,123,0
Kensuke,32,32,0
Masahiro,26,26,0
Lawrence William,124,124,0
Bruce Matthew,24,24,0
Walter Van Dorn,124,124,0
Paul Christopher,27,27,0
John Pardon,22,22,0
Matthew,25,25,0
Joseph,28,28,0
Kenneth John,23,23,0
Jason Ernest,26,26,0
Adam William,122,122,0
Charles Jay,126,126,0
August William,123,123,0
William Edward,20,20,0
Harry Leon,129,129,0
Jeremiah James,27,27,0
Arnold Joseph,130,130,0
John Louis,129,129,0
Gregory Allen,29,29,0
Nathan Mark,26,26,0
Albert,23,23,0
Richard Crispin,23,23,0
John Joseph,25,25,0
Arthur Wilson,121,121,0
William Miskey,125,125,0
Maynard Bert,26,26,0
David Robert,26,26,0
Ian Drew,27,27,0
Michael Steven,26,26,0
Raymond Joseph,128,128,0
Robert William,123,123,0
Claude Alfred,126,126,0
John Tillman,22,22,0
Carl Leslie,28,28,0
Forrest,124,124,0
Melvin Erskine,26,26,0
Scott Michael,29,29,0
Terry Derrell,24,24,0
Thomas Livingstone Carlton,132,132,0
Michael Anthony,23,23,0
Vernon Charles,25,25,0
Wade Eric,26,26,0
Charles Alston,25,25,0
Allen Seymour,123,123,0
Richard Leroy,27,27,0
Robert Joseph,27,27,0
Gregory John,23,23,0
Joseph John,123,123,0
Tomas,23,23,0
James McDonnell,122,122,0
Thomas Francis,130,130,0
Fred Clay,25,25,0
Walter W.,25,25,0
John Thomas,19,19,0
Albert John,124,124,0
Nicholas,30,30,0
Richard Martin,126,126,0
Quinn David,29,29,0
Joseph John,133,133,0
Tony Lynn,24,24,0
Evan Alan,28,28,0
William Daniel,20,20,0
Lonnie Lee,26,26,0
Keith,25,25,0
Harry William,118,118,0
Leland Stanford,12,12,0
Leland Stanford,-17,-17,0
Walter Scott,123,123,0
Scott Patrick,27,27,0
Matthew Michael,26,26,0
Francis A.,122,122,0
Eugene,126,126,0
Leonard Joseph,122,122,0
William J.,18,18,0
Jerry Glenn,25,25,0
Joseph John,-54,-54,0
Harvey Forsyth,130,130,0
Edward Benson,28,28,0
Malcolm M.,22,22,0
Edward M.,127,127,0
Alejandro Jose,23,23,0
Charles Walter,25,25,0
William Francis,123,123,0
James Raleigh,3,3,0
Eric Hugh,23,23,0
Henry Gordon,24,24,0
James Bernard,120,120,0
Trystan Stewart Gwyn,26,26,0
Louis Wood,24,24,0
Arthur Leo,127,127,0
Edmund Burke,123,123,0
Thomas Joseph,26,26,0
Peter Alexander,24,24,0
Everardo,26,26,0
Harl Warren,124,124,0
Matthew W.,24,24,0
Salvator,127,127,0
Frank Edward,124,124,0
Kevin Eric,26,26,0
Christopher John,125,125,0
Alfred Gwinn,121,121,0
Daniel Joseph,123,123,0
Charles Louis,121,121,0
Walter Val,23,23,0
Frank,127,127,0
Thomas Anthony,25,25,0
James Royal,121,121,0
Robert Phillip,130,130,0
Emil Pierre,128,128,0
Paul Augustus,121,121,0
Julius Norris,125,125,0
Patrick William,124,124,0
Matthew Steven,25,25,0
Carl Alan,128,128,0
John Leo,130,130,0
Ben Garth,129,129,0
Charles Nelson,29,29,0
David Anthony,31,31,0
Ernest Devon,124,124,0
George Graham,122,122,0
Effa,3,3,0
Charles Henry Weeks,22,22,0
Archibald Alexander,124,124,0
Howard Bennett,127,127,0
Brian Drew,27,27,0
Gerald Gordon,24,24,0
Malcolm Francis,28,28,0
Sheldon,24,24,0
Harry William,30,30,0
Charles Michael,122,122,0
Charles Ray,25,25,0
Charles Francis,126,126,0
William John,130,130,0
Anthony Francis,128,128,0
Cyrus Sol,127,127,0
James Benjamin,19,19,0
Ramon,22,22,0
Louis Hugo,122,122,0
Paul Patrick,25,25,0
Howard Albert,129,129,0
Rolla Hamilton,129,129,0
Frank Henry Benjamin,125,125,0
James Milburn,125,125,0
Albert Ludwig,129,129,0
Roger Julian,18,18,0
Isidro,30,30,0
Robert Rudolph,29,29,0
Fred Daniel,25,25,0
Michael Ryan,26,26,0
Cleneth Eugene,31,31,0
Justin Michael,26,26,0
Walter William,123,123,0
Harry Duquesne,28,28,0
Samuel R.,26,26,0
Keith Alan,22,22,0
Edward M.,23,23,0
Brett Edward,23,23,0
Charles Anthony,122,122,0
Evan Patrick,24,24,0
Christopher Riley,28,28,0
Anastacio Euclides,26,26,0
Barnes Robertson,30,30,0
William Gloyd,120,120,0
Thomas Eugene,21,21,0
Gregory Alfred,26,26,0
Javier Antonio,21,21,0
Paul Charles,23,23,0
Pablo Made,27,27,0
Rogelio Bautista,32,32,0
Nicholas,24,24,0
Joseph Michael,28,28,0
Luis,23,23,0
Jose Miguel,23,23,0
Joseph Samuel,127,127,0
John Joseph,135,135,0
William Herbert,124,124,0
Roy Hardee,128,128,0
Dan Patrick,27,27,0
Harry H.,21,21,0
Gary Arthur,24,24,0
Guido Joe,122,122,0
William Jose,22,22,0
Troy Walter,26,26,0
Clifford Virgil,23,23,0
William Calvin,131,131,0
John Joseph,124,124,0
Laurence Earl,127,127,0
Kevin Robert,27,27,0
Ralph,124,124,0
Alfred Maris,24,24,0
Tyler Alexander,24,24,0
Cloy Mitchell,127,127,0
Frank Jesus,26,26,0
Leonard,24,24,0
Juan Manuel,24,24,0
James Michael Ignatius,124,124,0
Pascual,25,25,0
John Roy,26,26,0
Francisco Aguirre,25,25,0
Samuel Frankel,122,122,0
Adair Bushyhead,126,126,0
William Herbert,125,125,0
Ralph,24,24,0
Robert Henry,131,131,0
Marshall Reese,120,120,0
Larry Hans,29,29,0
Trevor J.,25,25,0
Luis Alberto,28,28,0
Leroy Evans,126,126,0
Lucas James,26,26,0
Oland Alexander,122,122,0
George Robert,130,130,0
Thomas John,23,23,0
Eugene Leo,132,132,0
William Lusk,125,125,0
George Decalve,125,125,0
Olof Axel,121,121,0
William Gibbons,130,130,0
William Donald,27,27,0
Walter Charles,26,26,0
Charles William,22,22,0
Rodney Lee,24,24,0
Shane Anthony,26,26,0
John William,33,33,0
Emerit Desmond,26,26,0
Ezra Perry,22,22,0
Che-Hsuan,24,24,0
John Frederick Mann,120,120,0
Ernest Theodore,129,129,0
Rymer Omar,23,23,0
Ricardo Patrick Emilio,25,25,0
Morris Elmer,126,126,0
William Grady,-50,-50,0
Henry Alexander,27,27,0
William Arthur,121,121,0
Carl James,23,23,0
Royce James,33,33,0
Frederick Theodore,124,124,0
Jon Paul,26,26,0
Claud Clarence,127,127,0
Thomas Charles,27,27,0
Gerard,126,126,0
Robert Peter,25,25,0
Frederick Richard,125,125,0
Chang-Yong,37,37,0
James Richard,-44,-44,0
Terrance Richard,24,24,0
Nicholas Tomas,-53,-53,0
Francisco,21,21,0
John Wilbur,21,21,0
David Alexander,24,24,0
Stephen Augustus,26,26,0
James Steven,27,27,0
William Burton,129,129,0
Daniel William,23,23,0
Horace Wilbur,131,131,0
David,21,21,0
Harold Langford,122,122,0
Emil Bohmiel,124,124,0
Ralph Overton,121,121,0
Roy Edwin,128,128,0
Sang-Hoon,29,29,0
George Edward,126,126,0
Leonidas Pyrrhus,17,17,0
Derek Gerald,27,27,0
Corey Wayne,25,25,0
Norman Carl Michael,125,125,0
Clarence Emanuel,125,125,0
Elmer Edwin,128,128,0
John Atkinson,29,29,0
William Charles,119,119,0
John Henry Thomas,24,24,0
Regis Francis,124,124,0
James Francis,28,28,0
Wade Hampton,128,128,0
Alfred Modesto,122,122,0
Thomas Frank,22,22,0
John Michael,22,22,0
Donald Lee,26,26,0
Bertram Roe,121,121,0
Louis Joseph,126,126,0
Don Eugene,25,25,0
Elmer Ellsworth,123,123,0
Isidoro,134,134,0
Rudolph Matas,123,123,0
John Joseph,123,123,0
Danilo Enrique,25,25,0
Dominic Joseph,23,23,0
Donald Everett,31,31,0
William,26,26,0
George Aloysius,22,22,0
Walter Fenner,-7,-7,0
Edward Francis,131,131,0
Raymond Michael,31,31,0
Arturo,28,28,0
Javier Arturo,26,26,0
Jose Ramon,33,33,0
Rafael Manuel,27,27,0
Adolph Andreas,120,120,0
William Carlton,123,123,0
Larry John,26,26,0
Donald Nelson,24,24,0
Charles Edward,123,123,0
Arthur,128,128,0
Joseph Peter,125,125,0
Aaron Joseph,27,27,0
Ivan,123,123,0
Nelson,126,126,0
Ryan Marcus,24,24,0
Bruce Michael,25,25,0
Dean Zachary,24,24,0
Thomas Francis,126,126,0
Daniel William,23,23,0
Walter E.,126,126,0
James Albert,124,124,0
Joey J.,27,27,0
Lester,123,123,0
William Joseph,118,118,0
John Henry,16,16,0
Frank John,131,131,0
Kyle Eric,25,25,0
Chia-Jen,27,27,0
Marshall Pinkney Wilder,27,27,0
Ronald Thomas,22,22,0
Charles Edward,23,23,0
Larry Marvin,27,27,0
Dennis Scott,26,26,0
Jacob Mayer,126,126,0
Henry Everett,126,126,0
Wesley Amos,129,129,0
Clement Manly,127,127,0
Abel,26,26,0
George Frederick,27,27,0
Steven James,22,22,0
Louis,120,120,0
Francis Patrick,128,128,0
Milo Hathaway,26,26,0
James O'Neal,27,27,0
Walter Edward,125,125,0
Jerome Edward,121,121,0
Russell Mayo,131,131,0
Michael Joseph,127,127,0
Henry W.,27,27,0
Adrian Ryan,123,123,0
Matthew Daniel,122,122,0
Curt Russell,22,22,0
Herschel Englebert,126,126,0
Edward Hoyte,124,124,0
Christopher Eugene,27,27,0
Terence Hilbert,121,121,0
Thomas Arthur,21,21,0
Rollin Joseph,26,26,0
Charles Melton,125,125,0
Charles William,30,30,0
Ernest Benjamin,125,125,0
Keith H. M.,26,26,0
Louis William,124,124,0
Mitchell Scott,29,29,0
Donald Scott,25,25,0
James Charles,125,125,0
John Frederick,125,125,0
Guillermo Romero,24,24,0
Richard Raymond,27,27,0
Roy John,125,125,0
William Ferdinand,129,129,0
Robert James,28,28,0
Albert P.,26,26,0
Frank Joseph,-27,-27,0
Frank Edward,127,127,0
Frederick Warrington,132,132,0
William Francis,124,124,0
William Lawrence,126,126,0
William,25,25,0
Fletcher,122,122,0
Devon Eugene,25,25,0
Thomas Rivers,125,125,0
Merritt Marwood,121,121,0
John,126,126,0
Peter,21,21,0
Richard Alvern,30,30,0
George Wesley,125,125,0
Vance Elmer,124,124,0
Robert Emmet,28,28,0
James Bernard,133,133,0
James A.,126,126,0
Christopher Ryan,25,25,0
Joseph W.,28,28,0
Mark Anthony,20,20,0
Tullis Earl,127,127,0
William Aloysius,4,4,0
Howard,123,123,0
John,124,124,0
Thomas Virgil,30,30,0
Robert Francis,126,126,0
Harmar Denny,52,52,0
John Aloysius,-30,-30,0
John Wellington,28,28,0
James,23,23,0
Edward Otto,127,127,0
Reeve Stewart,134,134,0
Frank W.,24,24,0
George Kevin,24,24,0
Patrick Henry,124,124,0
Cornelius Bernard,121,121,0
Daniel DeSales,126,126,0
Daniel Aloysius,123,123,0
Francis D.,126,126,0
Daniel Francis,125,125,0
James Vincent,124,124,0
William Jacob,127,127,0
William Alexander,125,125,0
John Joseph,127,127,0
Arthur John,123,123,0
John Joseph,124,124,0
Malcolm Joseph,122,122,0
Marshall James,27,27,0
Leland Stanford,122,122,0
Frank,124,124,0
James D.,22,22,0
Fred Melvin,-26,-26,0
Howard Alexander,135,135,0
Guy G.,23,23,0
Alexander Shepard,23,23,0
Christopher,23,23,0
Frank Aloysius,124,124,0
Paul Willard,131,131,0
Pinson Lamar,125,125,0
Esley Porterfield,125,125,0
Francis William,129,129,0
Walter Henry,127,127,0
Michael H.,25,25,0
Terrence Keith,25,25,0
Malcolm,130,130,0
Frank A.,124,124,0
Thomas Nathaniel,29,29,0
Terrance Michael,21,21,0
John James,38,38,0
Harold Murray,23,23,0
Harry Robert,123,123,0
Lawrence Ledwith,126,126,0
William Charles,122,122,0
Ralph Jennison,125,125,0
Samuel Faulkner,120,120,0
John Samuel,29,29,0
James Ambrose,24,24,0
Michael Joseph,122,122,0
Arthur Gray,25,25,0
Patrick James,26,26,0
Robert Leonard,128,128,0
John,21,21,0
James Thomas,24,24,0
William Thomas,124,124,0
William Joseph,128,128,0
Archibald Joseph,121,121,0
Ralph Herbert,128,128,0
Pryor Edward,125,125,0
Marcus Andre,27,27,0
Harry Vincent,124,124,0
Jefferson Lamar,122,122,0
Robert Hugh,125,125,0
Zachary Daniel,29,29,0
James Ellwood,126,126,0
Roger Morton,27,27,0
William H.,26,26,0
Francis,18,18,0
Joseph Vincent,13,13,0
Jerome Francis,125,125,0
John Andrew,22,22,0
John Joseph,125,125,0
Arthur Francis,120,120,0
Mark Kenneth,27,27,0
Melvin,24,24,0
Theodore Charles,121,121,0
Harry Vernon,121,121,0
John Locke,120,120,0
Cristobal Rigoberto,37,37,0
Michael Joseph,24,24,0
Karl Daniel,122,122,0
Merton Merrill,125,125,0
George F.,31,31,0
Miguel,21,21,0
Albert Ernest,122,122,0
Kevin Michael,25,25,0
Juan Esteban,24,24,0
Stephen Blasius,123,123,0
Joseph Peter,122,122,0
William Harpin,128,128,0
Jose de la Caridad,15,15,0
Roman Junior,24,24,0
Adalberto,28,28,0
Carlos Alberto,29,29,0
James Verlin,127,127,0
Herman G.,121,121,0
John Howard,119,119,0
Lloyd Wesley,24,24,0
Carl Harrison,-44,-44,0
Frank Joseph,127,127,0
William Andrew,126,126,0
Thomas John,23,23,0
Thomas John,25,25,0
Alfred Tristram,23,23,0
Andrew Warren,126,126,0
Scott William,21,21,0
George Francis,129,129,0
John Wayne,122,122,0
Glenn Roger,23,23,0
John August,128,128,0
John Joseph,125,125,0
Lee,121,121,0
Lewis Henry,25,25,0
Drew Edward,25,25,0
Kyle Landon,25,25,0
Gerald Joseph,122,122,0
John Davis,128,128,0
William Henry,121,121,0
George William,20,20,0
Paul A.,24,24,0
Peter Robert,24,24,0
Christopher Peter,25,25,0
Rufus Rivers,119,119,0
Stephen Vincent,126,126,0
Charles Edward,123,123,0
Ray Antone,119,119,0
William Thomas,126,126,0
Arthur Ernst,127,127,0
Walter Henry,123,123,0
Robert Bernard,123,123,0
Thomas William,120,120,0
Charles Philip,24,24,0
John Francis,-32,-32,0
George Francis,121,121,0
Thomas Henry,127,127,0
Gordon Joseph,122,122,0
John Harley,124,124,0
Robert Lee,25,25,0
Frank,27,27,0
Jeffrey Lavern,24,24,0
Norman Francis,127,127,0
Brian David,25,25,0
Edwin Briggs,125,125,0
George A.,27,27,0
Thomas Erwin,26,26,0
Robert Maxey,123,123,0
Carl Mack,128,128,0
Edgar J.,28,28,0
Jack Wally,24,24,0
Samuel,130,130,0
Henry John,122,122,0
Ralph Alton,122,122,0
Mark Steven,27,27,0
John Weaver,124,124,0
Jimmy Lee,19,19,0
George,54,54,0
James Michael,24,24,0
Joab Logan,126,126,0
Albert Eldon,123,123,0
James Anson,126,126,0
Ralph Edgar,123,123,0
William,23,23,0
James Thomas,24,24,0
James Robert,130,130,0
Edward Cameron,126,126,0
Arthur James,124,124,0
John Lowell,-51,-51,0
John Walter,128,128,0
Newell Obediah,125,125,0
Peter Raymond,125,125,0
Guy,24,24,0
Kevin Joseph,23,23,0
William P.,26,26,0
John J.,25,25,0
Doyt Theodore,121,121,0
Peter R.,30,30,0
Philip Melvin,127,127,0
Albert Theodore,125,125,0
Anthony David,28,28,0
Elisha Matthew,127,127,0
Andres Alberto,25,25,0
Daniel Avila,25,25,0
Charles Malcolm,125,125,0
Earl Dalton,26,26,0
William Bankhead,132,132,0
Daniel Ross,25,25,0
Robert Jonathan,25,25,0
Arnold Robert,122,122,0
Felix Inglesby,47,47,0
Joseph Ignatius,121,121,0
Gregory Eugene,27,27,0
Henry J.,22,22,0
Sean Patrick,26,26,0
Dominic Joseph,128,128,0
Francis Joseph,127,127,0
Ford Parker,127,127,0
George,30,30,0
William Edward,124,124,0
John Louis,27,27,0
Jacob Ferdinand,128,128,0
Manuel,24,24,0
Horatio Brinsmade,24,24,0
Scott Andrew,22,22,0
Jose Luis,29,29,0
Joseph Gordon,28,28,0
Ignatius Andrew,121,121,0
Martin,20,20,0
Philip Ray,26,26,0
Raymond Benjamin,124,124,0
Steven,23,23,0
Charles Edward,125,125,0
Kevin Lee,28,28,0
James Edward,123,123,0
Michael Thomas,28,28,0
William M.,123,123,0
Michael William,23,23,0
Daniel Joseph,28,28,0
Stephen Henry,21,21,0
David Beale,124,124,0
Daniel,28,28,0
Edwin A.,29,29,0
Forrest Thedore,128,128,0
Roy Ellis,128,128,0
Samuel,25,25,0
Jose,24,24,0
William Ross,26,26,0
Robert Devell,27,27,0
Robert Vincent,26,26,0
William Christopher,123,123,0
Anselm Winn,129,129,0
Leo,133,133,0
Jose Carlos,28,28,0
Allan Arthur,29,29,0
Ferdinand De Paige,118,118,0
Gary Douglas,25,25,0
Frank Jonah,129,129,0
Carlos Whitman,124,124,0
Charles Wesley,128,128,0
Kerwin Lamar,26,26,0
Jackie Spencer,26,26,0
Jerome Jeremy,24,24,0
Carl William,24,24,0
David Michael,25,25,0
William Anthony,28,28,0
William Allen,125,125,0
John Beverly,129,129,0
Michael William,29,29,0
Donald Athey,26,26,0
Daniel Joseph,30,30,0
Samuel Lawrence,124,124,0
Edmund Joseph,125,125,0
Raymond Theodore,124,124,0
William Douglas,25,25,0
Monroe Barr,122,122,0
Larry Paul,25,25,0
Bryan Bedford,23,23,0
Ralph,126,126,0
Michael,123,123,0
Kevin Paul,25,25,0
John Henry,124,124,0
Ernest Follette,24,24,0
Joseph William,25,25,0
Fenton Leroy,124,124,0
Carlton,19,19,0
William Joseph,28,28,0
Carlos,24,24,0
Edward Francis,25,25,0
Richard Henry,20,20,0
Frederick Henry,124,124,0
Joseph Geoffrey,23,23,0
Eric Lane,26,26,0
George Henry,19,19,0
William Craig,26,26,0
Alvin Atlas,121,121,0
Rafael,24,24,0
Manuel,26,26,0
John Allen,124,124,0
Lawrence James,20,20,0
Frederick Alfred,125,125,0
Alex,123,123,0
Johnny,27,27,0
Rafael Edgardo,22,22,0
Agustin Alcantara,29,29,0
James McCurdy,121,121,0
Jason Douglas,25,25,0
Justin Ryan,27,27,0
Lemmie Earl,24,24,0
Raymond Roger,-45,-45,0
Leo Alphonso,126,126,0
Ralph Henry,122,122,0
Roland Arthur,123,123,0
Rodney Carter,17,17,0
Roger Wesley,20,20,0
Raymond Peter,129,129,0
William Henry,125,125,0
Frank LeMoyne,119,119,0
Abbott Paige,122,122,0
Richard Alan,25,25,0
Rupert Frank,123,123,0
William Grant,124,124,0
Brian Tate,19,19,0
Kenneth Albert,129,129,0
Walter W.,128,128,0
Rudel Charles,129,129,0
David Allen,-62,-62,0
Herbert Alexander,22,22,0
William Alexander,123,123,0
Michael Wayne,28,28,0
Donald Ray,22,22,0
Carl Thomas,122,122,0
John Joseph,134,134,0
Richard James,124,124,0
Jacob George,127,127,0
Elmer Joseph,126,126,0
Frederick Holman,124,124,0
Dakin Evans,126,126,0
Frank E.,25,25,0
William Francis,127,127,0
Charles Elmer,120,120,0
Charles Hess,138,138,0
Stanley Walter,24,24,0
Michael Earl,23,23,0
George Washington,23,23,0
George Washington,131,131,0
Franklin Johnson,16,16,0
Elias,25,25,0
Terry Bobby Gene,31,31,0
Marvin Warren,121,121,0
Leslie Earl,30,30,0
Joc Russell,22,22,0
Stuart Russell,25,25,0
Julio Cesar,24,24,0
Charles,27,27,0
Monte,122,122,0
Charles P.,133,133,0
Stephen George,127,127,0
David Joseph,24,24,0
Louis Henri,23,23,0
Joseph,25,25,0
Alejandro,26,26,0
David Glenn,23,23,0
Lorenzo Clare,122,122,0
Michael John,121,121,0
Clifford Scot,25,25,0
Harold Philip,122,122,0
Carlos Alberto,19,19,0
William Jennings Bryan,124,124,0
John William,27,27,0
George William,123,123,0
David Christopher,25,25,0
Gene Tunney,118,118,0
Harry Claud,126,126,0
Spencer Burdette,26,26,0
Tommy Allen,22,22,0
Jeffrey Simmons,27,27,0
Gilbert Thomas,22,22,0
Harry Ernest,126,126,0
Hamilton,132,132,0
Henry Joseph,125,125,0
Scott Robert,29,29,0
James Wells,121,121,0
Benjamin Michael,27,27,0
Guilford Paul Hans,123,123,0
Simon Francis,124,124,0
Theodore John,127,127,0
Francisco Antonio,25,25,0
Juan Francisco,22,22,0
James Patrick,28,28,0
Ramon Arturo,27,27,0
Paul Eugene,23,23,0
George Louis,121,121,0
Lance Michael,28,28,0
Russell William,121,121,0
Elmer Clair,122,122,0
George Thomas,21,21,0
Daniel,25,25,0
Beltran Ogilbio,25,25,0
Luis,27,27,0
Oswald Jose,26,26,0
Senger David,27,27,0
Henry Stephen,124,124,0
Joseph Aloysius,122,122,0
Robert Ernest,120,120,0
Donald Hoyte,23,23,0
William Harrison,29,29,0
John Joseph,26,26,0
Clayton Shields,127,127,0
Jason Kyle,28,28,0
William Henry,126,126,0
Emmett Key,127,127,0
Christopher Ronald,29,29,0
Jace Ryan,24,24,0
Jeffrey Allen,26,26,0
Brock Alan,30,30,0
Adam L.,25,25,0
William David,121,121,0
Cecil Boyce,27,27,0
Roberto,26,26,0
Miguel Angel,22,22,0
William Joseph,124,124,0
John Stephenson,123,123,0
John Grover,122,122,0
Boyd Glenn,127,127,0
Daniel Lee,24,24,0
Daniel Leonard,-23,-23,0
Horace Robert,122,122,0
Edward D. A.,23,23,0
Alexander Melchor,23,23,0
James Joseph,27,27,0
John Francis,18,18,0
Frank,121,121,0
Joseph Martin,27,27,0
Furman Lee,127,127,0
Henry Havelock,26,26,0
Chris Andrew,28,28,0
Andrew Paul,122,122,0
Paul Francis,-24,-24,0
Rudy C.,27,27,0
Samuel Walter,123,123,0
Michael Randy,28,28,0
Jorge Rafael,30,30,0
Delmer Harold,125,125,0
Michael Raymond,122,122,0
George Lynn,129,129,0
Edwin Henry,124,124,0
Kenneth Wayne,25,25,0
John Joseph,22,22,0
Joseph,129,129,0
Richard Paul,123,123,0
Joseph Matthew,24,24,0
Douglas Wooley,128,128,0
Christian Michael,26,26,0
Michael Richard,25,25,0
Samuel,27,27,0
Kyle James,25,25,0
Clarence Perkins,122,122,0
Jay,25,25,0
Vernon Henry,126,126,0
Roy William,123,123,0
Francis James,124,124,0
George William,129,129,0
Jesse Walworth Thayer,126,126,0
Antonio,125,125,0
James Patrick,22,22,0
Joseph Leo,125,125,0
Michael Joseph,22,22,0
Joseph Leo,127,127,0
James Stephen,125,125,0
Oliverio,125,125,0
Rafael Angel,21,21,0
Frank Joseph,22,22,0
Anthony Yoel,24,24,0
William,26,26,0
Manuel Dominguez,127,127,0
Harry Mink,122,122,0
John Francis,126,126,0
Philip Bernard,125,125,0
Ryan Joseph,26,26,0
Shawn Michael,27,27,0
Walter Francis,-3,-3,0
Dennis,27,27,0
Edward J.,20,20,0
Regino Jose,130,130,0
Paul Franklin,123,123,0
Harry George,123,123,0
Harry Michael,25,25,0
Ernest Gayhart,126,126,0
William John,25,25,0
Philip Roland,25,25,0
John Andrew,122,122,0
William Austin,128,128,0
Brian Leonard,24,24,0
Roy Lund,125,125,0
Danny Leon,29,29,0
Frederick K.,122,122,0
William Charles,21,21,0
Charles Benjamin,118,118,0
Joseph,23,23,0
Daniel David,21,21,0
Louis Ellis,130,130,0
Nicholas Murphy,24,24,0
Thomas John,22,22,0
Frank Prescott,26,26,0
Scott Richard,23,23,0
Jhonny J.,24,24,0
Ralph Joseph,125,125,0
Chester Linwood,122,122,0
William Emory,25,25,0
Everett Clarence,126,126,0
Talmadge Raphael,25,25,0
Charles Reiff,25,25,0
Albert Bernard,126,126,0
Thomas James,26,26,0
William E.,28,28,0
Charles Bassett,22,22,0
Adrian,25,25,0
Jacob Leland,124,124,0
Takahito,33,33,0
Richard Louis,24,24,0
George Washington,25,25,0
Otho James,137,137,0
Merlin Lee,24,24,0
John Hardin,24,24,0
James Bentley,28,28,0
Frank Anthony,124,124,0
Joseph Anthony,119,119,0
Gregory Joseph,26,26,0
James Dorn,131,131,0
James Francis,129,129,0
Joseph Earl,121,121,0
Kevin Arthur,32,32,0
David Jacob,26,26,0
Henry Theodore,126,126,0
Bernard Charles,122,122,0
Edgar,23,23,0
Alan Ray,23,23,0
Frank Aloysius,129,129,0
George Joseph,126,126,0
Robert Allen,22,22,0
Hartman Louis,24,24,0
James Thomas,29,29,0
John E.,33,33,0
Raymond Joseph,122,122,0
Ivan G.,26,26,0
Walter Andrew,124,124,0
Harold David,123,123,0
Andrew James,124,124,0
Brian Michael,23,23,0
Daniel Cornelius,22,22,0
John Charles,125,125,0
Frank Henry,25,25,0
Patrick H.,25,25,0
Rougned Roberto,20,20,0
John Preston,24,24,0
David Everett,125,125,0
Herman Boyd,125,125,0
George Dana,25,25,0
Harry Herman,133,133,0
Charles Frank,27,27,0
Charles,24,24,0
Dolan Levon,28,28,0
Frank Collins,123,123,0
Kevin Ronald,24,24,0
Roy,123,123,0
Ovid Edward,124,124,0
Otto Adam,123,123,0
Alexander Brown,23,23,0
Floyd Elmo,126,126,0
John A.,23,23,0
George Washington,22,22,0
Thomas Dean,24,24,0
Miles Albion,123,123,0
Harold Charles,123,123,0
John Stein,130,130,0
Daniel George,24,24,0
Thomas Cousineau,128,128,0
Hector,25,25,0
Samuel Franklin,23,23,0
Joseph Paul,22,22,0
Peter Alphonsus,22,22,0
Theophilus Fountain,129,129,0
Norberto,23,23,0
James Victor,24,24,0
John Clark,27,27,0
Luther Martin,126,126,0
Raymond,126,126,0
Ernest Frederick,127,127,0
James Gilmore,123,123,0
Ronald Andrew,20,20,0
Andrew Anthony,124,124,0
William F.,21,21,0
Bryant Lawrence,28,28,0
James Llewellyn,26,26,0
Alvin Edward,21,21,0
Robert Otis,122,122,0
Cecil Fleming,128,128,0
Michael Robert,28,28,0
Bernard James,125,125,0
William Daniel,127,127,0
Dennis Eugene,22,22,0
Anthony Joseph,119,119,0
Matthew Michael,25,25,0
Patrick Joseph,122,122,0
James Xavier,27,27,0
Joseph William,123,123,0
James J.,49,49,0
Alexander Dominick,131,131,0
Richard,26,26,0
Walter Harold,131,131,0
Louis Marcellus,125,125,0
Norihiro,32,32,0
Frank,122,122,0
Lazaro Ramon Gonzalo,22,22,0
Aloysius Francis,123,123,0
Edward Joseph,124,124,0
Francis Patrick,125,125,0
Howard,127,127,0
Patrick Lawrence,34,34,0
Leo Joseph,126,126,0
Edward Francis,122,122,0
Glenn Everett,26,26,0
James Francis,128,128,0
Joseph Ambrose,30,30,0
Walter Joseph,124,124,0
William H.,20,20,0
Ambrose Joseph,123,123,0
William Allenwood,124,124,0
William Jeremiah,36,36,0
Robert Hayes,125,125,0
Wilbur Edwin,133,133,0
Clarence Hanford,122,122,0
Noe,28,28,0
Juan Oscar,26,26,0
Daniel Joseph,28,28,0
Robert J.,24,24,0
William Eugene,22,22,0
Richard Lee,23,23,0
Herbert Courtland,128,128,0
David Francis,129,129,0
Daniel Lee,25,25,0
Vernon Fred,-28,-28,0
Frederick Helsher,25,25,0
Henry Florian,120,120,0
Robert Paul,25,25,0
Anthony R.,25,25,0
Michael James,27,27,0
Newton John,127,127,0
James Odell,28,28,0
Scott Philip,28,28,0
Robert Glenn,23,23,0
Louis Anthony,125,125,0
John Patrick,26,26,0
Larry Dale,24,24,0
Kelly Eugene,20,20,0
Jon Charles,29,29,0
Robert John,23,23,0
Curtis Lowell,25,25,0
Robert Henry,124,124,0
Stanley Milton,119,119,0
Joseph Charles,26,26,0
Hugh A.,22,22,0
William Edgar,127,127,0
Nicholas,24,24,0
Ralph Edwin,125,125,0
Keith A.,27,27,0
John Anthony,123,123,0
Philip Mark,125,125,0
Leroy,26,26,0
Arthur Edgar,125,125,0
Jacob Tyler,23,23,0
William Joseph,30,30,0
Robert Scott,27,27,0
Prentice Montezz,24,24,0
Glenn Vincent,26,26,0
Harry John,122,122,0
John McKittrick,125,125,0
Jose Ariel,23,23,0
Todd Michael,23,23,0
Charles E.,25,25,0
Charles Lawrence,24,24,0
Daniel Vance,126,126,0
Patrick Edward,28,28,0
Charles Mark,27,27,0
Robert Turnbull,127,127,0
William Henry,123,123,0
Duane Lee,24,24,0
William Clarence,22,22,0
Arthur August,125,125,0
Walter Joseph,125,125,0
William Henry,28,28,0
Albert Allen,123,123,0
Thomas Edward,124,124,0
Jacob,124,124,0
Charles,23,23,0
Harrie Crane,120,120,0
Ryan Allen,28,28,0
Earl Percy,133,133,0
Herman Charles,132,132,0
Michael Wayne,25,25,0
Alexander Aloysius,125,125,0
Harold John,125,125,0
Archer Edwin,126,126,0
Bernard Eugene,125,125,0
Willis John,126,126,0
Erwin Arthur,122,122,0
Cohen Willams,29,29,0
Marshall Daniel,23,23,0
Adolph John,128,128,0
Lawrence P.,27,27,0
James David,-52,-52,0
Ronald Gene,31,31,0
James Joseph,124,124,0
Damon Nikco,24,24,0
Charles Joseph,24,24,0
Elmer Jay,121,121,0
Alfredo Cruz,25,25,0
Christian,25,25,0
Dorsey Lee,24,24,0
Gregory Lee,-45,-45,0
Jacob Augustus,126,126,0
Thomas Mitchell,134,134,0
Jeffrey Scott,27,27,0
Kevin Grant,29,29,0
Fred Charles,24,24,0
Robert Eugene,24,24,0
John Marcellus,25,25,0
Emil Henry,123,123,0
Richard James,26,26,0
Sendy,26,26,0
Donn Mitchell,25,25,0
Jason Glenn,27,27,0
John F.,20,20,0
Phillip Jacob,28,28,0
Rudolph Charles,28,28,0
Michael Stephen,30,30,0
Carlos Luis,26,26,0
Luis,22,22,0
Edward West,21,21,0
James Michael,26,26,0
Floyd Alexander,20,20,0
Percival Sumner,128,128,0
Walter Franklin,119,119,0
Raymond Roy,29,29,0
Calvin Edwin,-35,-35,0
Juan Onofre Velez,27,27,0
Robert John,29,29,0
Leon Francis,138,138,0
Jeffrey Alan,24,24,0
Daniel Roger,29,29,0
Daryl Berdene,26,26,0
Dale,25,25,0
Donald Alexander,24,24,0
Raymond,124,124,0
Charles Emory,125,125,0
Sidney Dean,24,24,0
William,24,24,0
Christopher James,29,29,0
Derrick Lamar,26,26,0
John Washburn,122,122,0
John Edward,128,128,0
Frederic Henry,28,28,0
Eddy,27,27,0
Eric Chapman,24,24,0
Lester Henry,124,124,0
Mauricio Antonio,24,24,0
Martin Stanford,46,46,0
Alfred Valentine,24,24,0
Louis Joseph,125,125,0
Armando,119,119,0
Bennett Harold,118,118,0
Steven James,25,25,0
Luis Antonio,26,26,0
Wilfredo Jose,22,22,0
Wilking Jose,24,24,0
Yorman Jose,22,22,0
Guilder Alfredo,31,31,0
Hector Antonio,32,32,0
Joshua Joel,27,27,0
Liubiemithz,23,23,0
Douglas William,26,26,0
Nicholas Thomas,124,124,0
David,24,24,0
Charles Albert,127,127,0
Harold Ross,-19,-19,0
Howard Edward,23,23,0
Norman Edwin,26,26,0
Heath Michael,25,25,0
Horace B.,47,47,0
John Stephen,126,126,0
Denis,27,27,0
Edward John,24,24,0
Jess Willard,131,131,0
Charles William,125,125,0
William Leonard,24,24,0
Christopher Earl,24,24,0
David P.,21,21,0
Edmund Dana,28,28,0
Jeffrey Charles,26,26,0
Kevin Patrick,27,27,0
Cecil Lee,28,28,0
Clarence William,121,121,0
Jim Ned,133,133,0
Marty Ashley,27,27,0
Lorenz Johannes,121,121,0
Patrick Edward,28,28,0
Harry Jonathan,26,26,0
Shane Aaron,25,25,0
Sidney Herbert,125,125,0
William John,23,23,0
Raymond James,24,24,0
George Edward,123,123,0
Leroy Herbert,126,126,0
Meinhard Charles,121,121,0
Thomas James,26,26,0
Daniel,29,29,0
Albert Abernathy,126,126,0
Elijah Edward,123,123,0
Yohan Jose,31,31,0
George Richard,24,24,0
Cecil Randolph,121,121,0
Antone James,123,123,0
Edward John,128,128,0
Gerald Eugene,31,31,0
Jose Manuel,25,25,0
James Moir,30,30,0
Alfred Frederick Joseph,123,123,0
Donald Joseph,26,26,0
Emil Joseph,122,122,0
Stanley,26,26,0
Herman,25,25,0
Walter S.,22,22,0
Timothy Alfred,25,25,0
Rance,31,31,0
Jeffrey Hunter,26,26,0
Michael Harold,25,25,0
Joseph Frank,126,126,0
Gregory,23,23,0
Jorge Luis,21,21,0
Mark S.,27,27,0
Louis William,122,122,0
Ralph Benjamin,120,120,0
Simon Emilio,28,28,0
Stuart Michael,28,28,0
John Leon,129,129,0
Alejandro,10,10,0
Dalton Kenrick,22,22,0
Carlos Antonio,26,26,0
John Paul,23,23,0
Kenneth Lyle,126,126,0
Ezra Dale,31,31,0
Odie Oscar,125,125,0
Alfred,122,122,0
Irving Marble,126,126,0
Cumberland Willis,10,10,0
Edward Joseph,-13,-13,0
William Peter,125,125,0
Daniel Edward,20,20,0
Edmund Joseph,126,126,0
Albert Martin,28,28,0
John Cornelius,129,129,0
Thomas Francis,128,128,0
Robert Vincent,25,25,0
Ryan Ashley,27,27,0
Jack William,123,123,0
Samuel Beryl,125,125,0
Warren Dawson,120,120,0
Daniel Allan,26,26,0
Elvin,25,25,0
Jesus Manuel,126,126,0
William Thrace,125,125,0
Fernando David,27,27,0
Edgar Jose,22,22,0
John Joseph,26,26,0
Kenneth Cecil,30,30,0
Mario Martin,26,26,0
Juan Carlos,25,25,0
Jose Altagracia,24,24,0
Santiago,28,28,0
Neil Andrew,25,25,0
Harlan Albert,123,123,0
Timothy Matthew,26,26,0
Kevin Robert,26,26,0
Gregory Michael,-57,-57,0
William Eddleman,26,26,0
Francis Patrick,22,22,0
James Harold,122,122,0
George William,128,128,0
Franklin Cady,23,23,0
John Edward,126,126,0
Wellington Hunt,123,123,0
Rafael Octavio,27,27,0
Joseph Patrick,122,122,0
Stephen Stepanovich,124,124,0
Michael,30,30,0
George B.,27,27,0
Roy,130,130,0
Drew Leon,120,120,0
Troy Levi,122,122,0
Migel Antonio,22,22,0
Richard Gerald,21,21,0
Daniel Christopher,25,25,0
John Nicholas,23,23,0
Spencer Armstrong,132,132,0
Jesse Rhoades,123,123,0
Oscar E.,23,23,0
Donald Mark,24,24,0
Joshua Cole,25,25,0
Christian Michael,33,33,0
James Lyman,53,53,0
Joseph Preston,131,131,0
Robert Alexander,122,122,0
Eddie Lee,24,24,0
William Jacob,128,128,0
James Arthur,24,24,0
Noah Richard,123,123,0
Harold William,21,21,0
Herschel Clinton,125,125,0
John Olgus,127,127,0
Earl Henry,125,125,0
Grover David,23,23,0
Maryland Dykes,128,128,0
Lewis George,127,127,0
Samuel Gilbert,126,126,0
Robert,121,121,0
Nelson Adolph,123,123,0
John Frederick,127,127,0
Michael Larry,26,26,0
Ken Sterling,20,20,0
Jeared Wells,125,125,0
Reginald Bertrand,122,122,0
James Bartholomew,131,131,0
George Bertrand,30,30,0
John Thomas Reid,134,134,0
Walter B.,27,27,0
Bryan Cole,28,28,0
Bryan Roberts,-62,-62,0
Patrick Thomas,40,40,0
Carl Edgar,29,29,0
Thomas Jefferson,27,27,0
Francis Bruce,124,124,0
Wilfred Anthony,25,25,0
Saturnino Orestes Armas,124,55,-69
Louis Norman,122,46,-76
Early,119,43,-76
Warren Edward,121,44,-77
Stanley Frank,121,43,-78
Joseph Henry,116,38,-78
David Earl,121,42,-79
Enos Bradsher,122,43,-79
Theodore Samuel,121,42,-79
James Barton,121,42,-79
Elmer William,119,40,-79
Philip Joseph,118,39,-79
Murry Monroe,123,43,-80
Lucius Benjamin,123,43,-80
Gilbert Raymond,119,39,-80
Robert William Andrew,118,38,-80
Curtis Thomas,118,38,-80
Calvin Coolidge Julius Caesar Tuskahoma,119,39,-80
Emil John,124,44,-80
Walter William,118,37,-81
William Henry,122,41,-81
Eugene Richard,121,40,-81
James Edward,121,40,-81
Edwin David,120,39,-81
Lawrence Peter,121,40,-81
Forrest Harrill,122,40,-82
John Alton,123,41,-82
Robert Daniel,119,37,-82
Millard,120,38,-82
Jacob Nelson,120,38,-82
Granville Wilbur,117,35,-82
Edward Frederick,118,36,-82
Paul Howard,124,42,-82
Albert Fred,122,40,-82
Henry John,124,42,-82
Robin Evan,122,40,-82
Harold Henry,122,40,-82
William Beck,122,39,-83
Leroy Robert,142,59,-83
Arnold Malcolm,121,38,-83
Robert Granville,121,38,-83
John Sherman,122,39,-83
Walter Edward,119,36,-83
John Robert,123,40,-83
Edwin Donald,121,38,-83
Virgil Oliver,124,41,-83
Eldred William,123,40,-83
Delmar Wesley,119,36,-83
William Walker,125,42,-83
Stephen Joseph,121,37,-84
Randall Pennington,118,34,-84
Victor Woodrow,122,38,-84
George Robert,124,40,-84
Elwin Charles,122,38,-84
Roy Edward,123,39,-84
Ray Coleman,123,39,-84
Wallace,125,41,-84
Clyde Edward,123,39,-84
Henry,123,39,-84
Andrew,122,38,-84
Harold,118,34,-84
Delbert W.,123,39,-84
William Edward,122,37,-85
Philip Francis,124,39,-85
Howard Joseph,120,35,-85
Walter Charles,120,35,-85
Kenneth David,122,37,-85
Ronald James,122,37,-85
Carroll Walter,119,34,-85
Sebastian Daniel,119,34,-85
Robert Clayton,124,39,-85
John Albert,121,36,-85
Carl Ernest,121,36,-85
Harry William,124,39,-85
Harry Edwards,126,41,-85
William Dale,121,36,-85
Walter Arthur,120,35,-85
Kenneth Alphonse,122,37,-85
Hubert Max,123,38,-85
Joseph Paul,122,37,-85
Joseph Gordon,122,37,-85
Robert Pershing,119,33,-86
Alvin Ralph,124,38,-86
William Richard,122,36,-86
Thomas Joseph,124,38,-86
James Henry,120,34,-86
Louis,121,35,-86
Russell Lee,122,36,-86
Don Richard,121,35,-86
Theodore Bernard,123,37,-86
George Bernard,121,35,-86
George Clyde,121,35,-86
Willie Edward,122,36,-86
Frederick Charles,120,34,-86
Sidney Charles,125,39,-86
Robert Irving,123,37,-86
Carl Anthony,124,38,-86
Sidney,124,38,-86
Myron Nathan,122,36,-86
Berthold John,123,37,-86
John Thomas,120,34,-86
Fermin,125,39,-86
Grady Edgebert,124,38,-86
Edward Stephen,122,36,-86
Cyril Roy,121,35,-86
Clifford Earl,123,37,-86
Robert Brown,123,37,-86
John Samuel,123,37,-86
Andrew Wasal,123,37,-86
Bert Elmer,127,41,-86
Charles Klein,118,32,-86
Peter,125,39,-86
Gerald Lee,127,41,-86
Vernon Decatur,121,35,-86
William Barney,122,36,-86
Robert Cleveland,121,35,-86
Edward Robert,120,34,-86
Edward Thomas,118,32,-86
George David,125,38,-87
Patrick Joseph,123,36,-87
Maurice Joseph,119,32,-87
Russell Charles,123,36,-87
Thompson Orville,124,37,-87
Harry Lee,125,38,-87
John Harlan,125,38,-87
Martin Whiteford,123,36,-87
Salvatore Anthony,128,41,-87
Philip Samuel,123,36,-87
Willard Warren,121,34,-87
Gene William,119,32,-87
Edward Perry,125,38,-87
Robert Virgil,125,38,-87
John Franklin,125,38,-87
Herman Ralph,118,31,-87
Harold George,122,35,-87
James Alger,123,36,-87
Joseph Walton,122,35,-87
Warren Louis,124,37,-87
Marvin Edward,128,41,-87
Edward Miguel,125,38,-87
Ned Franklin,123,36,-87
Delmer,121,34,-87
John Leonard,123,36,-87
Thomas David,124,37,-87
Walter Kirby,122,35,-87
Kenneth Frederick,121,34,-87
Charles Ernest,123,36,-87
Donald Martin,122,35,-87
John August,118,31,-87
Robert Henry,125,38,-87
Henry Albert,126,39,-87
John,122,35,-87
Ewell,120,33,-87
Stephen Thomas,121,34,-87
Harry David,126,39,-87
Joseph Patrick,120,33,-87
Samuel Blake,122,35,-87
Dominic Paul,123,36,-87
Lawrence Eugene,124,36,-88
Walter,126,38,-88
James Henry,123,35,-88
Raymond Otis,125,37,-88
Ralph Theodore Joseph,118,30,-88
James Sloan,118,30,-88
Floyd Wilson,127,39,-88
Casimir James,127,39,-88
John Henry,121,33,-88
Albert Wesley,124,36,-88
James Tolbert,126,38,-88
Arthur Joseph,118,30,-88
Henry Albert,122,34,-88
Alfred Hubert,123,35,-88
Albert Paul,120,32,-88
Joseph Lowell,123,35,-88
John Elvin,121,33,-88
Maurice Charles,123,35,-88
William Robert,124,36,-88
John Barney,123,35,-88
Clyde Frederick,121,33,-88
Cornelius Joseph,122,34,-88
Warren Vincent,125,37,-88
Robert Ransom,123,35,-88
Kenneth Joseph,123,35,-88
John Joseph,120,32,-88
Stanley Edward,123,35,-88
John Lester,121,33,-88
Glenn Richard,125,37,-88
John Michael,123,35,-88
Gerald Edward,122,34,-88
Sherrard Alexander,121,33,-88
Allie Pierce,125,37,-88
Harold Patrick,121,33,-88
Erwin Cooledge,125,36,-89
Ervin Martin,117,28,-89
Donald,123,34,-89
Donald Frederick,121,32,-89
Casimir Eugene,117,28,-89
George Michael,123,34,-89
Myron Winthrop,123,34,-89
Lester William,125,36,-89
Edmund Walter,126,37,-89
Daniel Webster,124,35,-89
Carl Alvin,116,27,-89
Ray Wilson,125,36,-89
Michael Joseph,127,38,-89
Willard Wayne,124,35,-89
Richard Cummings,120,31,-89
Preston Meyer,121,32,-89
Robert Royce,121,32,-89
Frank William,119,30,-89
Carl Daniel,122,33,-89
Thomas Jerome,126,37,-89
Edward Raymond,124,35,-89
Richard John,120,31,-89
Harold Bentley,124,35,-89
Earl Douglas,121,32,-89
Donald Roy,121,32,-89
William Clyde,126,37,-89
Edward Erving,123,34,-89
Robert Leroy,123,34,-89
Alexander Raymond,124,35,-89
Ellis Raymond,132,43,-89
Vernal Leroy,121,32,-89
Francis Joseph,126,37,-89
Joseph Henry,123,34,-89
Alpha Eugene,130,41,-89
Ervin Frank,121,32,-89
Robert Howard,123,34,-89
Gilbert Fitzgerald,124,34,-90
Roberto Francisco,125,35,-90
Frank Conrad,129,39,-90
Cramer Theodore,127,37,-90
Vernon Adair,119,29,-90
Louis Henry,125,35,-90
Clyde Franklin,125,35,-90
Thomas Francis,125,35,-90
Solomon Joseph,126,36,-90
Eugene Victor,123,33,-90
William Russell,125,35,-90
Howard Francis,123,33,-90
Charles Bruce,123,33,-90
Allen Jones,128,38,-90
Albert Bluford,122,32,-90
Wesley Noreen,125,35,-90
Robert George,123,33,-90
Allen Lee,124,34,-90
Gus Edward,126,36,-90
Edward Raymond,128,38,-90
Roy Frederick,122,32,-90
Robert Boden,128,38,-90
Stanley Andrew,123,33,-90
Morris Webster,127,37,-90
Philip Joseph,127,37,-90
Loren Dale,125,35,-90
Paul Edison,123,33,-90
Daniel Edward,124,34,-90
Joseph Francis,127,37,-90
Clarence Anthony,125,35,-90
Jack Dorn,126,36,-90
Melvin Joseph,124,34,-90
Donald Lester,122,32,-90
Jack Roosevelt,128,37,-91
Victor John Angelo,127,36,-91
Kent Franklin,119,28,-91
Melvin Lloyd,125,34,-91
Roberto Gonzalo,126,35,-91
Frank W.,124,33,-91
Constantine Gregory,126,35,-91
Robert John,123,32,-91
John William,123,32,-91
Sabath Anthony,125,34,-91
Boris Michael,124,33,-91
Donald Andrew,122,31,-91
Albert Leonard,123,32,-91
James William,124,33,-91
Charles Anthony Ryan,124,33,-91
Stephen,127,36,-91
George Henry,125,34,-91
Louis Bernard,124,33,-91
Henry Washington,124,33,-91
Theodore,129,38,-91
Waldon Thomas,127,36,-91
Henry Curtis,122,31,-91
Thurman Lowell,125,34,-91
Harold Dana,122,31,-91
Newton Michael,126,35,-91
Ted Glenn,122,31,-91
Andrew Viggo,120,29,-91
Joseph Filmore,125,34,-91
Lawrence Joseph,127,36,-91
Homer Elliott,127,36,-91
John Edward,123,32,-91
Ralph McPherran,124,33,-91
Clyde Edward,120,29,-91
William Aulton,127,36,-91
Matthew Daniel,126,35,-91
Thomas Michael,117,26,-91
Henry Ludwig,126,35,-91
Joseph Edward,126,35,-91
Paul Leo Emile,125,34,-91
Roy,127,36,-91
Paul McLaughlin,124,33,-91
Harry,126,35,-91
Charles Edward Allen,124,33,-91
Samuel Joseph,125,33,-92
Karl August,126,34,-92
Walter John,126,34,-92
Milo Cain,126,34,-92
Gerald Francis,125,33,-92
William Wirt,120,28,-92
Robert William,122,30,-92
Ralph Joseph,117,25,-92
John Joseph,121,29,-92
Louis Frank,125,33,-92
Kenneth Edward,127,35,-92
Robert George,124,32,-92
Jesse Sandoval,128,36,-92
Joseph Henry,120,28,-92
Ferris Roy,126,34,-92
Froilan,124,32,-92
Earl,126,34,-92
William Symmes,123,31,-92
Delbert Quentin,127,35,-92
Thomas Everette,125,33,-92
Samuel Walter,126,34,-92
Matthew Constantine,127,35,-92
Francis Joseph,127,35,-92
Saul Walter,126,34,-92
John Frederick,124,32,-92
Jesse Roy,121,29,-92
Luis Francisco,124,32,-92
Harry Walter,125,33,-92
Edward Charles,128,36,-92
Aaron Andrew,128,36,-92
Marvin August,121,29,-92
William Joseph,128,35,-93
Napoleon Aguilera,124,31,-93
Mario Peter,121,28,-93
Duane Xavier,127,34,-93
Robert Louis,129,36,-93
John Thaddeus,126,33,-93
Alfred Thomas,131,38,-93
Thomas Edward,125,32,-93
Fred Francis,125,32,-93
George Thomas,124,31,-93
Richard Allan,126,33,-93
Salvador Anthony,123,30,-93
Henderson Edward,126,33,-93
Benjamin Styron,126,33,-93
Kermit Emerson,122,29,-93
Milton Arnold,131,38,-93
Clifford Bryson,121,28,-93
Owen Lacey,122,29,-93
Frank Walter,126,33,-93
Ralph George,128,35,-93
Anthony Robert,123,30,-93
Montford Merrill,130,37,-93
Edward Frederick,125,32,-93
Charles Steven,126,33,-93
Montia Calvin,124,31,-93
Sheldon Leslie,124,31,-93
Rex Edward,119,26,-93
Ferrell Jack,128,35,-93
Calvin Ross,125,32,-93
Peter Paul,126,33,-93
Sylvester Urban,130,37,-93
Ellis Ferguson,124,31,-93
Alfred Aloysius,124,30,-94
Henry Eugene,127,33,-94
Leland Victor,123,29,-94
Roger Clinton,122,28,-94
Cloyd Victor,122,28,-94
Vernon Edgell,128,34,-94
Cornelius John,126,32,-94
Howard Kolls,122,28,-94
Richard David,124,30,-94
Alexander James,120,26,-94
Richard Jerome,120,26,-94
Daniel Lewis,124,30,-94
Edward Lorenz Sebastian,123,29,-94
Joseph Hilarian,130,36,-94
Robert William,125,31,-94
Richard Henry,121,27,-94
Joe Hicks,126,32,-94
Emil Matthew,129,35,-94
David Carlous,122,28,-94
Charles Murrell,125,31,-94
Thomas Judson,128,34,-94
James Harry,127,33,-94
Thomas Virgil,125,31,-94
Paul Eugene,126,32,-94
Jack Wayne,123,29,-94
Lloyd Archer,125,31,-94
Raymond Lee,131,37,-94
James Madison,124,30,-94
Louis Thomas,120,26,-94
Harold Housten,124,30,-94
Marino Paul,125,30,-95
James Willard,131,36,-95
Frank Richard,128,33,-95
Edward Frank,121,26,-95
Victor Alvin,123,28,-95
John Lewis,123,28,-95
Carmen Louis,122,27,-95
Forrest Harry,126,31,-95
Clarence James,125,30,-95
Edward Lee,120,25,-95
Marlin Henry,131,36,-95
William Franklin,128,33,-95
Henry Leonard,127,32,-95
William Robert,125,30,-95
Albert Joseph,122,27,-95
Kenneth Lanier,124,29,-95
Donald Newlin,126,31,-95
William George,129,34,-95
Dick Corwin,126,31,-95
James Gerald,127,32,-95
William Vincent,124,29,-95
Philip Donald,123,28,-95
Clinton Clarence,125,30,-95
David Meadow,124,29,-95
Kenneth Wandersee,124,29,-95
Robert Max,125,30,-95
Paul Robert,125,30,-95
John George,123,28,-95
Raymond Leroy,125,30,-95
Merrill Russell,128,33,-95
Clifford Day,126,31,-95
Robert Bernard,128,33,-95
Luscious Luke,134,39,-95
Donald Herbert,122,26,-96
Daniel Robert,127,31,-96
Henry Irven,126,30,-96
John Donald,128,32,-96
Edward Terrance,128,32,-96
Rocco Peter,122,26,-96
Doyle Marion,125,29,-96
Robert Clinton,127,31,-96
Frank Joseph,126,30,-96
Robert Louis,126,30,-96
Benjamin John,127,31,-96
Thomas Giatano,126,30,-96
Richard Eugene,126,30,-96
Clifford Franklin,126,30,-96
Clarence Westly,121,25,-96
Fred Turner,131,35,-96
Lawrence Edward,123,27,-96
Joseph Paul,132,36,-96
Leonard Joseph,125,29,-96
Stephen,128,31,-97
Marvin Eugene,126,29,-97
John Steven,124,27,-97
Earl Wellington,128,31,-97
Samuel Mack,125,28,-97
Marvin,121,24,-97
John Samuel,131,34,-97
Mike Mitchell,128,31,-97
Gordon Frederick,122,25,-97
Charles,122,25,-97
Thomas Morgan,133,36,-97
William Ray,128,31,-97
Harold Kefauver,122,25,-97
Jackie Kay,122,25,-97
Romanus,126,29,-97
John George,126,29,-97
James Ray,124,27,-97
William Lester,123,26,-97
Thomas Oscar,125,27,-98
Robert Vincent,127,29,-98
Kevin Joseph Aloysius,128,30,-98
John Louis,127,29,-98
Herbert Loren,120,22,-98
Kurt Ferdinand,123,25,-98
Albert Kenneth,127,29,-98
Stanley Ernest,123,25,-98
William Lawrence,130,32,-98
Earl Edwin,125,27,-98
Richard John,121,23,-98
Robert Joseph,123,25,-98
Gerard Michael,124,26,-98
Edward Robert,126,28,-98
Irving John,122,24,-98
William James,123,25,-98
Dino Paolo,125,27,-98
Milton Robert,124,26,-98
Frank Robert Donald,126,27,-99
Frank William,122,23,-99
Ezra Malachi,129,30,-99
Edward Russell,129,30,-99
Rudolph Joseph,123,24,-99
Lloyd Eldon,125,26,-99
Edward Arthur,120,21,-99
Jack Raymond,125,26,-99
